010120181           157601529715014148951496515274157391616016760173101767817799
010120182           177621764417617179291911920271201171971019057180991685415860
010220181           152251490214781148241519116196179591901319212191581901718794
010220182           185691850718587186841957120628206162023019559184451701215792
010320181           150301463114470144971485315861176191860918607182641789617550
010320182           172641719117180173711832519414195061919518677177891662515460
010420181           146311412613821137581400114639156141651317332180671857618769
010420182           186881849318185180401869119454191381850517803168821574314728
010520181           140961372313582136421400414877162281729118004183191846518540
010520182           185611857118586187811966520662205792013919600188191782416873
010620181           161131569815501154221554315940166251735318091185111871218702
010620182           185171834618277184821944320399202861984319393187051783016908
010720181           162861588115706156371573416036166001722917932183231843118374
010720182           182211797717852181071916520246201541959318942178771660215542
010820181           148181440814212141671445515377170311794318006179301788617767
010820182           176271755317463175491836619181190561857317825167301533214156
010920181           134011296812806128161312714091158071672516716164531621616051
010920182           159141585315831160691694818104180901770617117161411486713771
011020181           131391281412693127811320114300161741714417027165851622115854
011020182           155471546715491158561679817970179701759516958158981455713400
011120181           126771226512086120891238713365150661590815909157911564415581
011120182           154721540815252153421614516962168391642015799148091355812423
011220181           116881127811050110261131912230138721483015049151501522315259
011220182           151981522615137152001572216135158241526114643138341285611850
011320181           111121064110373102711036410746114071219613056137681397513901
011320182           137861378313957144441543216622166451630415949153471471813997
011420181           133881300112889127961292313258138101450115200155621556615525
011420182           154371537715513158951686218067180031760617139164421547614612
011520181           140181370713591136631399714762159551698717692181131835018508
011520182           184641841118326184261908919841195841900818242171161575314660
011620181           139381354113375134061376214748164961740517365171791706716746
011620182           165881657116561166981738218332182471776717060159801474013625
011720181           129141250012309123081266713549149921596816395167181696617063
011720182           170871701616832168431752618352181221759616864158541458013531
011820181           129431264612553126661310914241160951712517145168401655816247
011820182           159721588315878161281693618110181531782617253163011505714012
011920181           133621301012887129041325114240159761692516933167231655316299
011920182           160311590515873159711656617392172301676516202154471445813482
012020181           127651231812053119431205112431131181381614423146231462314471
012020182           141901388713838140041471515720156131517614695140691323812406
012120181           118001140011206111281121111509120721269113354135931357813467
012120182           134131334813484137151449015413155711541614892140091292812031
012220181           114491109710970110291144912520143151544815751159411607116181
012220182           161321612916025160971673717472173021679316048149611368112611
012320181           119211153911364113861174312748144351555715949161831640216468
012320182           163881627115974157691615916931168281629515602145781337312337
012420181           117011134811210112531162812665144481539715442154391533114953
012420182           146601471114806152311614917460176051729416745158321462813601
012520181           130191272212611126761309214181160541699716794163481598115715
012520182           154811547615601160751705818295184181810317503165481530914256
012620181           135881322913121131581355914614164061730217051164821604315652
012620182           153081516815142154211620417291173121689716360156251464013669
012720181           129911260112390123091241612810135391420714617145361429313954
012720182           136751346913555138471451815457153261482914248135661272711878
012820181           111751073310487103661041610679111931182712634132561354413690
012820182           136921359513577138001453415629156321518014547136741263911746
012920181           111751085810767108491128812410142931534015484154771550515332
012920182           151541524715368156121635817438174251695616284152681404813047
013020181           124471212812021121081251113588153141634516736169021698116905
013020182           167331654816397164091696718054181031766617024160231489513871
013120181           132471294512835129071333614463163121717717009165951624115874
013120182           155831545915470158121659617832179361753216859158351452713409
020120181           127081228312064120511239213399151371604716179161401598115722
020120182           153041502415003152581588916839168901647415840148731364812577
020220181           118971152511364114051182912867145611572816261164221641516184
020220182           159611594715986162061686117945181201784717423167181575814825
020320181           141731380513623135711372414164149141565416183162681609215775
020320182           153841507415001152391591817055171931678316304155821466013748
020420181           130401255912287121511217112394128631342914249147821494215010
020420182           152311531215373155801609116617158761490914387137431307612261
020520181           114281097510796108101117212177138791477014971150391505014825
020520182           146151453214612150111588917268176291727016677156751443413468
020620181           128661256912423124471280313836156281656616722167541669016321
020620182           159881585115745158451636117477177291732816725157731456513515
020720181           128951260412491125571294613956154821638416693169441732617587
020720182           176371757117347172541762918308180311731216395152431399913031
020820181           124681216212070121671259713693154181636416556162761600415783
020820182           155661545715374155411619417389177091742316863159341474013756
020920181           131561287412762128421325314305160861691116789165271630316005
020920182           158841588415914160411641417226172631679816214154211438113356
021020181           126331219511934118041188812207128801355214265146421465014502
021020182           143701422714153141911459015330152541477014223135331269611827
021120181           111501071710479103941044710697112451187812789135801411114420
021120182           145781454014511146461514615893158081527714572136171252911597
021220181           109791062310463104871088411986138061481015067152371533415295
021220182           151381484914376144741523316537170201666716080151511398712971
021320181           123761207411987120721249513631154491618615864154471506914761
021320182           145061446114550149091568316956173751706516496155531434013195
021420181           124951211611934119101224513284149981583915935157871547815072
021420182           145501424513994141461475415866162641590115361144641332312288
021520181           116621127511092110791142012439141261496015058149581491114921
021520182           147701469314558146411505715839160531566115052140521287011784
021620181           111131070210500104711079711743133321432214661147261476814739
021620182           146521455114442145291494015585156601528914818141511331312456
021720181           118671151911351113541152011998127151333313656136511346413221
021720182           130571299713468139091452915465156391526414835141951337212540
021820181           119401156311320111771122111464119131244713054134161355013471
021820182           132631303912912130661368714848153511501014495138091295612170
021920181           116811140111324114011176412583137301442814544144331430214175
021920182           140641405614205145961515716040160701550914795138081266811654
022020181           109691055310356103481064611571129931392814303142981417013948
022020182           137241368613682138031423715077154661497814283133281222411218
022120181           105441016310000 99991029711251127411370613978139441375713568
022120182           134431351113602137611416714925153051481914135131341200911025
022220181           1037310008 9856 98221016511082126431372314201144411468614784
022220182           148211493614965151091553216194164101601515399144641333512354
022320181           117161133111169111901155512487139571480614995149851497114980
022320182           150051509015093151541550116070160991560614990141621316512182
022420181           114851103610748106401072911098117371229912612126771262712692
022420182           129581309813065131661355814254144211402313589130051222811463
022520181           108701052110322102521035710673112451192312837136361417914551
022520182           146381458814478144741479615456155861509214403134451238311483
022620181           108841054610426104671086111936136251443814445144571445314251
022620182           139481368813482136091419215222159781564515044140951293811941
022720181           113891107510955109981142112522141661470814285137921348813241
022720182           130301298812975131851384214882156401536614825138911275111732
022820181           111321080810659106711106412086136861434014021135441324413056
022820182           128921291212955132171382514733153121499514385134331225311238
030120181           106081024710078101131050211559131781383313671134201320213058
030120182           130231325813250133331379214669151641488014346134541235511389
030220181           107811046610358104091080911848135621467015223155841581615893
030220182           158151565015383152011530115648155031476514171133991251011617
030320181           109711060910407103411046210857114391214712824131701320013195
030320182           130961292212843129351330114040144561411613697131031233311519
030420181           109271054810342102481032610597110471166712395128881316713280
030420182           132761323713281134731407514953154361512214534136741264211782
030520181           112451095310850109081133512400140951508015330154141539815135
030520182           148401463614385143891482815751164981617015553145521334012312
030620181           116741133911202112601167012767143881505014829145121436714197
030620182           139381382213719138721446215463162131598015446144891328712263
030720181           116071123411083110891147112466139801497115411156041580515881
030720182           159351599715972159891631016932169431627615426143451313012135
030820181           114761104910821106901094611662126191345814025142951441814515
030820182           145641450414445144751477215395158851553914985140881298112047
030920181           114781118211066111061147012475139291469914840147501477414698
030920182           145601452314427144501472715313158301551515024143021338912492
031020181           118411144511249111991132911771123661296113463137051375613775
031020182           136881359213505135911393614564152201490514460138281301712226
031120181           116351145511274111121110711307117551222712674129131299312932
031120182           128161264512508125841291413526142551494814650139001288411930
031220181           113251103310921110121142612481143391538815227147011437314279
031220182           142791429114247143401456715020155531589115438146091353512516
031320181           117711135211171111901143712112131041393214630151841549315746
031320182           157871559915327150991515715484156401586915341144621335312381
031420181           117181135211203112321155212432138811488015221152591522815116
031420182           148681475914579144771461515024154881600515639147561355712503
031520181           118251148011307113261167612663144161536215435152381500014689
031520182           143651415913952139621422014690151781577515479146631352212494
031620181           118071142911247112691162712610143551527415240150781502414837
031620182           145711446414316142481442414777152211582515608149951409813149
031720181           124621204211816117371185612269129941369414196142821416613938
031720182           135851326412986129401316613624141731485414781143321359912854
031820181           122991197011825118101193312255128361341113863140161395413839
031820182           136591343213218132021354714201149051566315431146551361012683
031920181           121211184411773118551224413322151911610915904154761515114874
031920182           145531433514051139711427614934155621627316001151011388412855
032020181           122301192711823119011228413380152131610115815153171492014630
032020182           144521438014257142411448315043155341600515633147361352912481
032120181           118271148011316113551169312693144531541615695157951589415826
032120182           156161545115352153471561516060162721640615871148471358412544
032220181           118831153011385114121176312732144081544115733157121547415155
032220182           148061460114320142141441214756151031559115299144171324612231
032320181           115641123611105111501149112504142311504414944145771418413789
032320182           134821335413277133081355413912142251469514466138321293812018
032420181           113251092710731106891082111255120101275113314133601306612769
032420182           126181242712326123891268413102134811397213793132741253811751
032520181           111081074910562105131058410894114331210712906134411363113577
032520182           133841312012871128531315313740143031494514795140151294411991
032620181           114401116111078111781159312730145781538015001144851411713799
032620182           134941331513102130761340014084147331547715292144101321212209
032720181           115921131211238113351173812845146541537714984144141398613665
032720182           133921336813282133981382014447148901538215004141311288011797
032820181           111031075410572105641091011954137641472914803147121446113835
032820182           133331314313013130381336913825141631471614500136401243711389
032920181           107471040710261102961065411679134301425714218141031383413649
032920182           138081392413662137051391214259145001474114347134991235611302
033020181           1058610191 9972 99291015710952122781322213797140581411714075
033020182           139341380113486132601339513696137871393813629129891209511204
033120181           1051110132 9940 99071004410470111451183112255122831209011815
033120182           115201121811089110851144012051125751322113252127781202411158
040120181           1045310015 9770 9676 9725 9983104801122212023123771233912191
040120182           119621153410979107221087111360119951300813245126731176110899
040220181           103751013510057101161051911647134461460115087153521546215277
040220182           148971453214157139401393414282147351537715219143041305911975
040320181           113011098010859109171131212371141061492214690142791409114073
040320182           143011456714610147111504815527157091577815290142801296211830
040420181           111111071510540105241085911850136111465914879149191493114855
040420182           147361477014655145511461314675146671499914858140151280811781
040520181           111221079110741108481127912408141521489814612142131399513772
040520182           135221336613190131941349414064146051532515323145731340512350
040620181           116741133511214112471163212665143191504114924148241482414909
040620182           150741521015176150821495114897147791495914699139571290511880
040720181           111591069810473103991051010940116911257913452138061356013227
040720182           126651211811772116801201612597131071368013697132021246111653
040820181           110561069710531104921060010919114131197512445126551275812615
040820182           124721231712204122831276013425138871449314431136501261411720
040920181           111381086410809109031136012486141721488914695143341404013766
040920182           134541318812940128751322413893144391503314938140281281011763
041020181           111071076010622106381101512049137381466614791147591480114716
041020182           145521440514175140401421214605148551520215104142421302412005
041120181           113691106010945110261143112539141931489314524139261354313313
041120182           130981303013024130731334713796141501467814689138541265611618
041220181           109661062010503105331090811988135851421513897134501319313062
041220182           130061300513047132571354413964143701462514331134411224611198
041320181           1051510132 9940 99141019811156126141342313599137591378513590
041320182           134031324713206130531290912949130461336613324126511168410722
041420181           10034 9616 9416 9336 9430 9815103991105611597118071182611811
041420182           117001155011519116491199112448127321304412959124131166310896
041520181           10300 9948 9812 9758 985210150106481139612325131161361713855
041520182           139461391113855139051418214515146461477514464136731268211803
041620181           111711081110696107221105211936132571433315021154391567715750
041620182           156521552315268151061508815102150281501814593136201244611404
041720181           107211032310149101441046711402127771367013864138611395213773
041720182           135341357513522135831386814227144831475414606138021265511646
041820181           109821061910491105211089611881131981402414111139881380813590
041820182           133161317413040130201316313589139311431714332135361240111403
041920181           107741038010207101851048511402128461401914566148151490914780
041920182           145731456314507142891414814253144871477614710139391281611780
042020181           111201073810567105831094611864131531390813943137591352313341
042020182           131151297112750126651283213134134101377313916133231241811487
042120181           108121041410239102211036810772112971175211963119161175311525
042120182           112341095210769107761109811638120931248512745122631152510725
042220181           10133 9781 9635 9597 972510031103961072810959110321097210867
042220182           107511058510464105591102811718122731275513065123371128010357
042320181            9800 9533 9480 95871003111143127121338213117128121261012451
042320182           122891219012072120831235112824132001359113800129291169010606
042420181            9962 9624 9509 9573 996610993125001317612935126591247812358
042420182           122221222212181122981261013035133271372813765128581160510517
042520181            9830 9441 9267 9255 957910522120931322713620137591383613896
042520182           139071395913894138721404514304143471436114050131271191010818
042620181           10072 9663 9463 9431 971610632122221330913609135821343213226
042620182           129981290612738126551280913078132581348913686129301173010643
042720181            9896 9512 9327 9306 961110500118991271212776128121318213439
042720182           134751354213450134391349613601135841357313379126801167910700
042820181            9972 9527 9301 9205 9294 9638102111092811506116961153111328
042820182           111241091310816109231126411717119521215712422118861106310202
042920181            9548 9126 8899 8773 8816 9008 93981006411005117501215612258
042920182           121011193611744117271199912458127631302113133123721132310372
043020181            9751 9437 9318 9369 975210767123481334113517136111370513653
043020182           134911345813409133911348613806140491426414260133621211011000
050120181           10302 9943 9785 97911011011088125941332613214130101286112792
050120182           126941251512274123461265613102133591369513870129981171110555
050220181            9829 9424 9219 9210 949510384118691271012885129971313013281
050220182           134181370413929142471463014862148651494915136142351279811516
050320181           1066110123 9822 9708 991310748121921324013615139341456115119
050320182           155571594516092161211618816184160671614316001150971368412394
050420181           115031094510611104721063611456129541410014593148841508215226
050420182           152331522515427157181586815781155331533715258144321323912043
050520181           111801048010002 9689 9546 9660100521075511357115881158711613
050520182           116221164111690119651234512657127041272812943123981149910599
050620181            9851 9370 9105 8979 8974 9115 94251011610960116591202712195
050620182           122921221912211122491246212823129791300212924121261102710077
050720181            9441 9054 8890 8902 923310136116061250012657126801272312795
050720182           127751283812825129041309913422135831365513831129681165210472
050820181            9742 9336 9138 9096 938110235117161257012616125951267812749
050820182           128091298013011131191337713736138301383314004131691182210610
050920181            9846 9415 9191 9158 941710215116791254412674127571288613023
050920182           130741322413316134711373913911139221389714066132331187910680
051020181            9871 9446 9192 9162 945110307117771275212949129151285112924
051020182           130461329913395134421345613648136911377513942132021193910776
051120181           10001 9564 9349 9294 952810283116871261612782127991281112634
051120182           124651253412542126881296913153130691303313220126171159610525
051220181            9741 9287 9028 8928 9013 9258 97981061111463120331229712351
051220182           123011213912029120491223912518125691257812603120951123110317
051320181            9619 9207 8975 8878 8926 9089 94811018110946114071154111459
051320182           112311096210768108321113311607120291235812709121581108210071
051420181            9407 9060 8904 8936 924110142117101278812967130311312113074
051420182           128761279412829130211336513796139621399114162133471197810773
051520181            9987 9546 9319 9287 956910408119171302813444136631389314127
051520182           143331463915070156281596815739153691483014402134921215610964
051620181           10148 9663 9397 9311 956010339117131264212767128511292412917
051620182           130231313913167131971331913529135911367713753129411168710572
051720181            9849 9452 9233 9227 949610319118151291213299135051360113663
051720182           136151361513581137411399414147141401418114367136641234511124
051820181           10286 9802 9493 9367 955210220115691247912693127051266112616
051820182           125261248912402123901247812656126601270112926124651146710420
051920181            9703 9262 9010 8942 9067 9332 98651046411183117141206512220
051920182           122831228912204122381243112679127021267612631120811123310307
052020181            9671 9245 9013 8936 9018 9179 95791030911185118701222312433
052020182           126451276312864129971329013692138201375113838131941195210747
052120181            9908 9415 9166 9096 933810100115531252212744128751303613187
052120182           132841348813626138821427714681147641459114593137571232311031
052220181           10137 9628 9348 9256 951710237116931277313266135791387713982
052220182           140311408213934138741398714143140791394613779129481168310581
052320181            9843 9453 9235 9198 949310297117631280313066132441343613561
052320182           136881398914266146351503615341153421521615216143861289611526
052420181           10538 9948 9612 9483 969110382118191287013178132641333413420
052420182           134681365213742140121436714653145791440514372136871230511053
052520181           10184 9678 9366 9285 954810183115851270513230135741400514423
052520182           147281509915406157391608616211160061560815542149291372412452
052620181           114641081910432102181019210266107971180212895138401453214973
052620182           152391552015809160061625516317160521560015467148441372712537
052720181           11591108841042310073 9910 9881101021059911297118581217312274
052720182           122941220212034118981202012225123001225912262117851100210175
052820181            9493 9063 8827 8756 8849 9064 95031017910983115961195012083
052820182           120341185811714117981213012587128311298413161125941143710390
052920181            9653 9282 9098 9058 938510204117891302713537139651453415071
052920182           155271608916436168111725117518174761715316872159031419612589
053020181           115231086310437102451037511037124591346813886141601448714793
053020182           149961525715493157761605716179159271552115360146211310211710
053120181           1076110181 9867 9727 991910545119941311313546138751423314595
053120182           148771527015587159281619616303161771595915878151801380912430
060120181           115051094610612104801071611462130181427014954154551587816223
060120182           163851656416664167841705417236170981682216783161781490413529
060220181           124661176411362111371111111255119091298814210152051599016405
060220182           165381661916622167101675216718164851596515575149101367912360
060320181           113061057010099 9791 9640 9525 97951033010970114191162111651
060320182           116291161311663118601230412840130561300713092125671140710355
060420181            9632 9245 9070 9057 935610186116941289713460137891400713996
060420182           138671389213804137201381914083140711391713796130371177210658
060520181            9927 9492 9296 9242 950210277117661278513000131211348013835
060520182           139311401113833137671378614055141051401913882131441186810698
060620181            9976 9604 9293 9231 949810262117561281613142132791339013433
060620182           134241350513472135121367613890138991384913922133221202810858
060720181           10076 9608 9374 9313 955410296117171279513144133841353013684
060720182           137741393313957139151399414104140481394914009134841221210996
060820181           10180 9724 9453 9377 960810262116891277813229135631393414261
060820182           145241491915139152211538415507153181498314843143861321111951
060920181           1100410358 9949 9715 9667 9723102881113611946125071290713223
060920182           134191352113609137661405914316142601405613954135901258311510
061020181           1061210011 9636 9412 9321 9253 95821021810993115841198012235
061020182           123661233512374125571290313333134841348213579130971191210780
061120181           10003 9557 9326 9281 956910303117601281713170133381356013600
061120182           136181379913899140371427814567146671438514178135671220710945
061220181           10106 9619 9391 9318 957010246116721274813095132921353713735
061220182           138931419514397147001509415387152681490414751141131271311397
061320181           1054810037 9762 9644 986210540120431324913828143581491515229
061320182           153531558115593155771559415670155451545815424148161353912304
061420181           115001103910725106091073711345128471401814514148491521315520
061420182           157641597116015160641606415892155291522315049144621314811858
061520181           109481036710012 98901007710725121151327013749139511410814156
061520182           140561397313864138501394814070140611391613762134311241811290
061620181           10436 9893 9577 9409 9419 9484100821096011859124101282313102
061620182           133131358313890143261478415089151601497114708143211324012050
061720181           110571041510012 9779 9681 9599100041075111738125961336914018
061720182           144971489115308158291641016727167181639516213156991426312852
061820181           118201118710838107231096111693132491467815632166051757718546
061820182           193122003420507208212107621011202611952318863178141614514656
061920181           136641310012764126181280213495149201612816651169801725317536
061920182           177261802218283186461900519192189011820817480165781483913151
062020181           120071130610832105921068311232126461384214446148651532615685
062020182           160751665017084173651750817491172071691216724161321465413187
062120181           121691150911088109021104511667130691429114924154561595916419
062120182           168151726017582177221790917894175711702416571159481446412921
062220181           118251113110679104571052210992122071331113916143401475615096
062220182           153331563815823159501601415888154231493614715142191309611884
062320181           110001040910044 9842 986110037105481133512189128241315013229
062320182           132171306012912128121287213017130201292312914125411172210840
062420181           10133 9665 9401 9276 9289 9352 97111041811308120491255312922
062420182           133201370514096144121484715277153511522715076145191341012271
062520181           114421091910612104951071111346126671393514674149911516615264
062520182           151871528015333154311570215963158651541415001143861299111617
062620181           1068210131 9814 9695 988610452117161279813333136451395314203
062620182           143741472515007153541578416115160251558715329147591340812071
062720181           111291057410248101331033610979122081343014114145251491915256
062720182           155101589016112160541594815899156851545115353147291349612308
062820181           114551096810728106691093911744131841460815468160471644116650
062820182           167671695617100172091726817291171471689716711162301496413600
062920181           125741191311483112531137611965133971498716079169401773318416
062920182           189541960620036202802060520796205381981919078182561674715184
063020181           139251303412440120671189511889124401355114971162881740318230
063020182           188001927919676200092040920674205962002219444188591746215939
070120181           147161380313202128081258912494128691385115222166871809419430
070120182           204702127121796221442256822852226662203921451206781898717195
070220181           157521481814337139901399714466157381726118591196212058921390
070220182           220342238922874231742340323504232722269721943209581906017195
070320181           157721482414274140051409114674160091752918761198952109822185
070320182           230772384324176243532435724143237022303422251213581977218088
070420181           166411556314847143601411714037145771557416899182311932420202
070420182           207492099821248214752175221973217282107320387195761845117077
070520181           158121491314346140461408514579159231762419045203582154922445
070520182           230842366823981242562444324512241412351622770218592008418300
070620181           169431609915546153171542215973171961854419527202742068320679
070620182           201471992420045202312024620022192421820517280163551479213213
070720181           119881119510698103891024310224106431136012126126871303713231
070720182           133631349513744141351462315118151921482314442140451308212019
070820181           110841045610048 9853 9759 9716100261068411522123101296513523
070820182           140121443414899155011622016845169231654416118155361419312848
070920181           118221118310793106481084211434126451402114894156771653617315
070920182           179931876819425200722070721116210312034919537185491678115016
071020181           137301288012320119851200312498138131531316389173821839419336
071020182           200922097421632222612281922968224992169321061200161814616346
071120181           150061413613527131821317813633147311584716501169521740217796
071120182           180501838018618188601899918986186191799317455167121515013604
071220181           124951177311304110641113211602127661401114743152861569016103
071220182           164571696517367177481808318232179521734316872162021475913356
071320181           123481165611213110151113711648128141416315048157211630216879
071320182           173511793318278185161867318560179911723516703160791480313463
071420181           124071172211257110001091410971114591237613366141891482215302
071420182           156311596816287165161674316802165501621416102156691468813575
071520181           126761207411669114401135611403116851233613234141271505015989
071520182           167431735017850183241886619377193971894618578179391642714931
071620181           137831307812611123851253013138144081589416978179581907020089
071620182           209272171322139224572274522860225032176121197201571836316623
071720181           154011455914034137731388514532159101748118634197132080521718
071720182           221992233721683208972035320011194311883818408175421610314670
071820181           136711302612600123861251813127142851547516141165621696617311
071820182           176081798718300186371898919113187851804217386165351492313320
071920181           122131149011004107581084411340124901369814388148441530015650
071920182           159621642316854173151783918118179581736316818160921464113157
072020181           121201139510980107911091411435125971392414832155571624616786
072020182           172001771418094184261875618833184301766117052163111495513476
072120181           123771161211123108061068810728112031206412951135811400414312
072120182           145511474414997152871557915666154801510915030145911364212600
072220181           117591121810894107051069710845112121193312928138721460715137
072220182           155591581116005163691686017283173061709717049165341547014306
072320181           134631297312735126981298913822151911661717583183351892119475
072320182           198932039620711209282118921397210892045320035190891748115916
072420181           147741408513678135111368914413157231713318106189821985720549
072420182           210492159721950221642239222423219872127920806198661819716537
072520181           153811465614189139781414314857161801757618557193662007020515
072520182           208042103220910207142066320529202171984419640187661725215737
072620181           146551397913551133531352814287155241681017688183971905819640
072620182           200712051420670207032054820466203461983519419186131703515432
072720181           142321344912947126901280213460146861614317316184351954920539
072720182           211862176022177223382225221981212622047919966189151737915809
072820181           146151379413286129791285712949133881438515608167231771218505
072820182           190921951419896202072036120154195631884018511177551651515215
072920181           141401331712722123311207311947120991289813851146551532115858
072920182           163181660516861172321770518162181971774717439166881525713848
073020181           127891207011665114481158912223133731468515597163051708517723
073020182           182391864318835187951878718813185801826918107172011566614132
073120181           130831238911946117491189112513136851502715981167681752018371
073120182           188111947419966204552089621086207462002919619185611679915139
080120181           139191314112630123631247013164143991572716566173381805918545
080120182           189401934119667198872015420394203081997419814190101755316069
080220181           149741431813944137861401014820162221785119050200432106621886
080220182           225542331623753239082407123810231352233321771206371889417247
080320181           160381524214735144541457015259165141802119233201892105021713
080320182           223032281222944231002322822842220122114020601195861814316682
080420181           155361476014219138871378213942145071559116829177531820118031
080420182           177691758417527177661814818515184611807417847171981602914737
080520181           137041296612469121331198611956121921308414278155191669117749
080520182           186721932619882204322106821504214272086220555195521792516373
080620181           151471432213736134381352414140153271688818225194732073421889
080620182           227812361224071244052481125049247212402123504220532005418192
080720181           167991586515245149071492015583168151839319703209342222623298
080720182           240262461224904249382477724457238732321122567210991938817629
080820181           163971556814906144621459215092163021776818928200612102821913
080820182           226832331823638237972393423852231712239421839205951887717239
080920181           160281527514792145091457715366166511790818668193562018120883
080920182           215142216422566227822326223375228332187921261199301807416279
081020181           148871397213349129961301513541145521587816967178391862819288
081020182           198992053420947211862132321109204551971319309182711680915346
081120181           141931340512870125411245912600129611366414527152311562515816
081120182           158201572515581155291561915771157921574015753152171431313379
081220181           125951203811688115041145811603119271257713517144141511715656
081220182           160441632716497166491683017050169541680616687158891474713613
081320181           127601222911934118361206512862140081518516023165621694517190
081320182           173361745717384172851730717408173081720017021161911499313802
081420181           129541244512116119961223313083143701569516666174521816518827
081420182           193151982820125202802048420532200681949119115179841641414914
081520181           138251312812678124861265513427146301589616777174051804418746
081520182           194972033721057215712203922263218492121920843196061784616154
081620181           149271409413558132871337214059151751656817746187591975520611
081620182           212792193322348227072294922896223202154521035196881789516176
081720181           148981399713392130351304213606145891584616905178531875819666
081720182           204412119421556216712159221370206902018819857188971759016176
081820181           150621427413749134411332113514139531478615785167281755018229
081820182           187441916319233190761849418026176491734717094162021498513757
081920181           127841211211638113541120911269114561199312721132681364313915
081920182           141411430214471146851499515251152071516315179144401336012295
082020181           115511107510837107831104911853130041410814800152831572016042
082020182           163151663116792168571691217049168351654616385153431393912672
082120181           117571119610860107141090811637127921386514555150151539515696
082120182           158691615016338164631667816792165441647016333154001414112953
082220181           120941158211278111811144912267135651484915684162521675217203
082220182           175581806818467187471889219009187231825917910167251516013682
082320181           126611199111540112911138812035130781401314527147891498215131
082320182           152681557415899161831649516643163921602815797148011346612186
082420181           112901071510358102071038511040120451307713839143761492215459
082420182           159121650917014174461789318076176451714916782157871448213180
082520181           121781150511035107651071310914112661207813071138611444214943
082520182           153521571215875160231615016230160161573815508146941361112498
082620181           115891095710514102621014510237104211103811938127521340114017
082620182           146621521015799164421703617423173911736017303164071512313908
082720181           130071246912122119931221813029142951566116745177491875519626
082720182           203672113721710221542244722475220622177121231197521792316311
082820181           151431439113887136261376514587159371737218641198582126022601
082820182           236782452624932252472551625600252282490824330227602076818977
082920181           176081666916008155981561816339176521902320206215082271623877
082920182           247622546125741258302602426005253992498424307226332058618724
083020181           174021647215857154861557916328176851887719777206142142822087
083020182           224842290523001229972288322501216662103020321188131694815250
083120181           140331318312621122921231312930140211488215402157791606416276
083120182           164571663616687167041662916467160431585915532146601350412329
090120181           114851091310559103811034410570109311162712475130971339013595
090120182           138691416714403146691498815196151061507314893141811323112231
090220181           114511088810521103001023110359105901121212128128841339013992
090220182           146101516615711161751663116908168101673216558158281486413819
090320181           129761240212080119431203212403129151369314901162961770019079
090320182           202692121521880224972305723426230272270822179206791878617200
090420181           160461527514718144051447315271166851789218899198552072521534
090420182           221392266622913231112331123194225592207221216195861763815946
090520181           147091391413390131031324614098155911662017264179941888419882
090520182           208012173722443230152342523502229702250721714201531827616645
090620181           155101476414333141161433115288169431815919051200772121622267
090620182           231792396724377244752355822284213522098320181188201717015597
090720181           144781371213189128721288413544147941549315734159351612516164
090720182           160651598415841157661574415719155881567015285144611339512303
090820181           115091099010692105331052510755112231186712619130541317613148
090820182           131611311513019129991310513261133171348513144124611160710694
090920181           10017 9573 9304 9168 9181 9345 96821019710920114651176111916
090920182           120381202912024121151242712890131771346713025121231109010199
091020181            9611 9269 9111 9120 944010344118781293013464138391410914234
091020182           142491435214313143101446814805148991491914282132791205711015
091120181           1038110021 9841 98301013211038126391370414219145491482414976
091120182           151421550315711158771624116558166531685516338152561393012731
091220181           119121142511148110681132312272139601508815627159921627516345
091220182           162821624616129159971602916098161071626415769147821348612276
091320181           114851098510718106361086911793134291443414876151801549115709
091320182           158211600416053160681617216317162971650916019149991366412402
091420181           115281099510677105571077711630131501413114630150531542315696
091420182           158491606216122162071634916410161221610915575146351349612342
091520181           114901091310602104261043210727112791204612939135631396514191
091520182           144101461514857152111566516001158231575615217143971332312239
091620181           113971081610444102311016910298105991118312096129171361314403
091620182           152461604816703173481798618341181211805817380160631455413226
091720181           123001172511364112551152212433140101497415466159341648117037
091720182           176061813218338185421863818672185991876518056168521538014072
091820181           131721261812291121721244313400151741632116960174521777517800
091820182           176801752817367173221749417770177611784217110158821441613077
091920181           121591161911283111421129012089135251438914830151381530615407
091920182           154251548815501155201563215721156961579515156140931276411602
092020181           108081034510058 99691024111110126271353313878140641420114259
092020182           142511439914469145231466614793149531520514668136891245911343
092120181           1059910141 9900 98221007110923124781345113867141061427014357
092120182           144061455514525144871450514595146261473014274135941268011739
092220181           110531064810435103421043310763113621190112521128941285612744
092220182           126181256512548126031277313036133021345212978122861142310532
092320181            9844 9397 9133 9014 9028 9213 96011015010820112551152511708
092320182           117941181511854120271243312943134381372113148122391120210231
092420181            9574 9214 9053 9052 936610326119771292913238133971354613559
092420182           134391344013350133511357813975144511463313972129261166810624
092520181            9933 9589 9413 9401 969310658123651338113831141271435614481
092520182           147641469514657147301492815368155411538414685136231238711364
092620181           106721026210054100561034511340131851435714922153251572016001
092620182           162271644416537166991695917213174191748316801157161430912935
092720181           119251123710807105831063811384128751364113847138751382813804
092720182           138281405914192143681459414727149441508814396134671221911114
092820181           10338 9889 9656 9621 986310692122211324713755140121413414058
092820182           138521371213539134451354813741139571397713439127111173710757
092920181           10006 9551 9316 9214 9288 9620102741096211597118411192911947
092920182           119671196712016121581245612854131611325612780120991124710390
093020181            9705 9253 8993 8872 8901 9102 95531010110770111541130111399
093020182           115221154911580118361236813019135591373213146122121114910207
100120181            9642 9291 9140 9157 944210407121181315413535138801426414473
100120182           144751449414371143331450314878151541498014215131511189110791
100220181           10092 9680 9448 9464 972410637123131339513808140721426914401
100220182           143841441514397144341473015182154491517714422133741213411071
100320181           10384 9938 9705 9636 990910809124801346313763139571411914208
100320182           140971406714054141501434414648150821506114404133891210210989
100420181           10241 9791 9565 9495 975710712123841336713671138691408714262
100420182           143571455514705147841486815075155331561415005140141279611688
100520181           1084510274 9904 9757 990710679121251301113159130321292612838
100520182           127711280912844129751331813653140421399513473127401177110782
100620181           10030 9561 9311 9227 9310 9633102811101211771121811218812084
100620182           119281195211967120111230912786133771324612753121651137310584
100720181            9926 9535 9328 9212 9239 9482 99661059511442121171255212797
100720182           130231318013289135031384014215145111431113674128201182310878
100820181           10174 9741 9484 9419 962710271113761232313089135981389414037
100820182           140471403013956139341415614583149261465313954129781180510751
100920181           10068 9681 9496 9492 981010769125281363914070142961439214585
100920182           147741500315086151881547415808163001626915512144941323112074
101020181           112511075710466103631062111571132901431714712150271540515724
101020182           160261643616721169771725817345174791732916575154421400712766
101120181           118801134111009108811108011950136451475615141155121574315883
101120182           158431584415733156841575915987161991584315145141711291911781
101220181           109391042310115 99811015010960125681367014048142421426414021
101220182           136211331013044129931328613667140721393013367126391168110715
101320181            9974 9521 9282 9162 9235 9577102921109212003126661300413026
101320182           128121247712150120221222712757133951335112905123261154410737
101420181           10048 9585 9360 9258 9306 9575101021072711414116931159911602
101420182           114811135711525117031226013100139351392613315124731146810557
101520181            9905 9501 9367 9412 977310781125551364214056143641460814664
101520182           147001473714553145541483815352157091531814564135021223311166
101620181           10342 9804 9550 9488 973010666124231335413345130551287712755
101620182           125611255912553127681328513988148441479514146132221199310970
101720181           10314 9931 9763 97661009511126129361391013855135831331913089
101720182           129621315813317134861389114424150671495414366134571227111227
101820181           1058810167 9986100041035211366131681417114126138241342913243
101820182           129931295012906131161369814514153731535914859139811280911746
101920181           110191057910408104241075111728135041443914329138751346713108
101920182           128251272012681128381325613792143781412013593128801195010965
102020181           10237 9775 9541 9412 9497 9859105731140412215126081256312356
102020182           121881195811777117911211412677132711309612646120711132310528
102120181            9908 9511 9291 9194 9249 9505100411076911670122771248912393
102120182           122951221712152123311289613808145941445914004131091203411126
102220181           105621027210185102521068511798136361465714535142021394413754
102220182           136651369013624137371419614978156591539514731137221247011411
102320181           107541038010204101681049311498132661425614297141251405814024
102320182           139731394013832138251408214733152851499614359134221225011211
102420181           1049110108 9906 99011023111241130531407514200141821425514280
102420182           141551406313844137761407714785155031533414784138681269711622
102520181           108851051110337103441069511740135831456014587143271401113760
102520182           134471331013367135421406414849155831542214908140211283411762
102620181           110831073410587106241100512059138541478314795144871420513773
102620182           133841316813080132231366614345149711471914236135571262711699
102720181           110331059510296101421019710538112261205712956137391425314468
102720182           144481429214144140801419214482146301416313573128631204511234
102820181           1059510118 9835 9717 9734 9984104921116311919125281279812871
102820182           128471274312686127981322013943144841412213523126701171310820
102920181           10133 9730 9551 9554 990210926126801379114114142571416014039
102920182           139591393913775137061404314721152871496514351134021224011191
103020181           1048810139 9955 99551029811335131411416414146138721373613731
103020182           136831371113602136161397314762154991529714758138761267411604
103120181           109401061110450104761086911970138351484514764144141428914149
103120182           137881364113432135511396914404145401417213806130741195010927
110120181           10261 9873 9657 9633 992210870125941362513852139311400313925
110120182           137211379813768138051407914690150341468514045130651187610835
110220181           10129 9734 9526 9511 981210735124961375114180144601462814685
110220182           145651451714319142211432414715147621424913658129021195310972
110320181           10245 9830 9554 9398 9400 9723103751121612082128201317613236
110320182           130461263912281121561248713127136291328912874123231161710817
110420181           10187 9671 9423 9464 964610049106761135411736117901168411519
110420182           115431160811859124011352314630144881405613459125471161210825
110520181           10279 9980 9857 99231035311471132131417714449146101480814873
110520182           147261464414511146031533116003157541517214415133661213711140
110620181           1048010105 9897 98841024311256127911365113934140371420414447
110620182           145721463614547145821510515610153531484814142131171193210912
110720181           10243 9853 9669 96581003311072127391340013213129961291812873
110720182           128151295513114134561424015167150061454613874128961172410742
110820181           10127 9791 9648 96801007911178128871368513630133481316613043
110820182           129251305913205135631440815359152331484314280133681223011292
110920181           106991038610267103221072811788134511413213988139001415214287
110920182           142741438714340144931514215495151431463714052132851232411386
111020181           1069210245 9968 9844 993610327110241181012575129961302713006
111020182           127251254512653130901404314928147121430513841132361243811678
111120181           111011071310535104901057810926114541197812371124851237812243
111120182           122351227112551131371427515268150931467014133133841247711667
111220181           111421085210778108571128112216135441428414334140901388013688
111220182           135441371013981143951544116331160511552114793137341248911461
111320181           108011043110269102901064211679133941435514715149541508415053
111320182           148931480914740148811562116246160361554514885139311275411803
111420181           112141094210821108961130512455142641505915080148871461814460
111420182           143721463514929154471655717380172721696616367153871414713071
111520181           124151207411940119801237613490152581605316172161721604715894
111520182           158301607616121163251710617590173721700216342153461408613038
111620181           123411191811708116641197812853142091517915810160121604116020
111620182           158281562615466154611612916725163511578615134143381335712385
111720181           117041125811022109381104611462121701293013526136511362813567
111720182           135691351813566138061467115227149341447514006133801259211798
111820181           111821079610609105591065811000115761218412770130951334913579
111820182           136391375313865142201534016019157641525414601137401266111735
111920181           111361081710690107761118812239139971501315308154571550915389
111920182           151881511514991151621597916623164251596115304143181311112058
112020181           113341091810746107611113012138138741499615397156211576815845
112020182           157961577415683158001647117013168011636015763148601371312669
112120181           119641158911426114681184312779142931520215512156381587015870
112120182           156281547215279154211631116951167661647116028153411438213432
112220181           127631240712262122891250413062138431470315474159841622916254
112220182           158801524014851149011542215731156311558915502151641453413841
112320181           133741312213002130381330013872146281516015345152621507114839
112320182           145931451614707151771619916836165981622915781151331425213362
112420181           126801224412017119391204612392130111362914136141981401013880
112420182           136801364013801141511499615450151621476114269136261277811900
112520181           112511080710551104401048410731112331181712602132511362913815
112520182           138851383513878141121508815645154001491814239132961220911308
112620181           107101037310244103201075311825135981460514881150111515615215
112620182           152171523915190154801628816784165751609615405143891311212014
112720181           113291093110736107301107012049137091461214856149061492914911
112720182           147681474014805151021605716820166721625115572145801331012236
112820181           115611116811008110451142512477142261502915048148531478214925
112820182           149881504215054153471633317047168761645415809147961350412366
112920181           116671129011106111381151312575143261512614983147511473714731
112920182           146461466714730150611608516880167471636215778148321359612524
113020181           118281149111346113901176912829145941541115300149991483414862
113020182           149411507715060152511612516579162761579615230144611347012450
120120181           117261131011088110481123911704125031327413762138021361813420
120120182           132251314813375137741490615535153171491714478138151290612009
120220181           113111086710615105251057210857114111210113010137881417014361
120220182           143971433114310145181534215803155171500814396134221227211271
120320181           106201024710074100971047911526133281429614361140971387813991
120320182           140091407414175144321548616323162881588315219142231293111835
120420181           111491081010711107961125012378142641519415207149421462914428
120420182           142961439114704153041660317612175861724916648156431431913177
120520181           125211218012060121091254013680155041637316118156691530715078
120520182           149861521315509159491706617781176391726616660156351430313143
120620181           124361207111912119521238013499153671620615975156191533015157
120620182           150371515315315157131682817518174231705116441154401409812917
120720181           121391173211536115601192113013148011565515546151681487314587
120720182           144641459014881154381662217354171851681216347156691466813653
120820181           129471253812388123731257813083139451477615313152651502914782
120820182           146111455314817153621651417199169921658516164155501468313773
120920181           131091267312469124161252412860134701410014693150531491514681
120920182           145861459314821153421667917514173581692716319153431408613046
121020181           124121209311977120961256713730156181653916348158681547215195
121020182           149951503215267158361713418177180961779117193161671482313636
121120181           129841265212565126491310314269161561704616798162061578015421
121120182           151781525215455159551719818115179991768217109159621456013336
121220181           125931222112081121311252513648155051645216355158571550915345
121220182           152231522615397159531728118103180001775917250162811494413771
121320181           131151276212638127011312414248161241708716999166821643816331
121320182           162911638316424167131772418284180921772517077160821471513437
121420181           126361218911984120001237313430151711611716088157381545115229
121420182           150101502715142154321641616826164561596115397145911348312349
121520181           115081100310737106141069611097118461272413565139831397513742
121520182           136251356413613138521485815406151691475014331137611294912034
121620181           113021085510623105521063710957115421231213233139431426814425
121620182           144771448314540148871599716530163421594315396144501322512137
121720181           113921100010866109091136712454142251531115570155621563315594
121720182           155041552415404157321684417621174791706116412153571399712768
121820181           120411173311683118511238313584155211656616583163251592215602
121820182           153711548815742163281754018466184051814217581166261524113997
121920181           131871279112608126391303214121159651690416722161431561815181
121920182           148481490215139155731683217751176661736016807158481455613316
122020181           125091209511918119571235013430152111617315984153971484414548
122020182           144321460314804152281635116992168391646415893149541366012408
122120181           115151101910754107131100911921135071459415062152981541715427
122120182           152551516915010150541568415988155771501114384135861258311479
122220181           1061410089 9787 9658 972710104107971167612592132071355113560
122220182           134551332713367137331477815530154191510814726141891337012408
122320181           116431116210938108661098211324119741272213300134611337113202
122320182           131081314713385138681510416017159941571915361147121375412733
122420181           119431145211230111991143111994129071378114514149361508915242
122420182           151371499814987151491582115970152811465414263138831328612518
122520181           118151135211103110341115711530121561286113375134521326213120
122520182           129981287712912132391414714743147101464214487140811335012556
122620181           119791166811565116311199012819140161494315397154731537815129
122620182           149301501315209155981660917357171421666816060151721403612921
122720181           121551169311468114601178212610138761481315172150701486114643
122720182           144671457914823152461635417182169831655615963150761391012811
122820181           120331156911307112701154212268133641435715058155731588715971
122820182           158581570715485154331599816250158061519114536137411272111701
122920181           109381043810169100661015410506111311174112383126621270512741
122920182           128101288113016133621437015180151041478714389138611309712305
123020181           116531127111077110481116211496120271265213422139061384113667
123020182           136071360713810141941535816247161261571315204144481348912531
123120181           118471143411239112411153812261133131410314461145281456114524
123120182           145291458314642149011580216280157201495114251136061293112268
