010120191           116281110310705104631041310636109911125711687122241252212523
010120192           125021257712785133011452015561154171500414425136161260011744
010220191           112101096710923110421148712639144761553715539151971495014739
010220192           145711468914986155121660717578174921707916386153421403012887
010320191           121501176411561115521188012849144741550815625154911507814710
010320192           145601457214673150331599416914168201639015753147741352012448
010420191           117371135011172111961155212560142731518615114147981454914318
010420192           140731413614287145981550716189159641549414934141731318212169
010520191           114591099710731106491075411134118111254813329139921432914428
010520192           144011433214353145351522715669153971489014366136981289512076
010620191           113931095910749106841078311065116011216512873133241352913589
010620192           135641359313735141691529616371163361596115512146771367312816
010720191           123151205912036121891268413821156651667916611162511599315714
010720192           155801561015746161861718418078179501748916782157061441813303
010820191           125711213711934119651236313363150011599116248163241637116302
010820192           161511601015843158831653317163169361642415691146491335812274
010920191           115661117510982109831134012326139701492114999149441492014958
010920192           149951508515050152171604816993168371641015762147701355312505
011020191           118441148311313113061167012725145021546915543155831575815739
011020192           155761560615575157881666817661176211726816699157781456513526
011120191           128881255512397124591285513914157131669516602162441592015654
011120192           154701558315776162231708117921178011748016999163351537914466
011220191           137681338913213131601329613689144051514715782159951580615536
011220192           151971496615063154871644117304171491672516233156001477313922
011320191           132641283412633125641266012977135691425614962152431518715030
011320192           149661478414870153081622417473173931696716388154271430913415
011420191           128471258612498125661297814081159011694217054169071658816189
011420192           158391572915683159841686617978179511760416948159351470213675
011520191           130601277112671127431314614231160541694716714162651586015569
011520192           153511533415415157591658617675176451722816578156031434213337
011620191           127111237912247123041269713733154971641016322160701603615921
011620192           157161572715624157291646817428173421691416278153501417013179
011720191           126221234712284123611283514009158581687016753162571586815592
011720192           153891535315479159341685017900178871751716871159101462813553
011820191           128731248612283122921263813662153631635816486164521637416039
011820192           156661547515423155181617216840166281613615598148561387412906
011920191           122371184911676116761185212298131111392014542147291483814921
011920192           148781490015075153741608416783166111617615589148861403013169
012020191           125421214511932118731193112200126671327414171150921578816305
012020192           166151653516440164291685117706174411682016378157411529414619
012120191           140351381013743138371420514998161401713017965185941902019197
012120192           191831912519124192211981420773206502020719435183521706315992
012220191           153261500614834148401517216115176831862218756185281823917966
012220192           176301741417253173471804619118191261867317978169221561314556
012320191           139401361013446134411376914708163451721017304173011726017089
012320192           168661673116542165391702117779175811702416255151521383612713
012420191           119891158411342112911156112486141051502715238153801550115600
012420192           155281543515461155171592216476163081585915254143861331612381
012520191           118451152911405114741185812901146521556615539151751497614852
012520192           146591465114687150171570216688166771631215857151871428113398
012620191           127541238812229122311241112891136621438714896149041468314394
012620192           141951406814132144901529716359163171590915448148711410013314
012720191           127111233012143121191223812574131461367514179143171422914127
012720192           141921423614160144821523816273162021569915024140691300212117
012820191           115531132111278114401196113164150601611816209158281551815303
012820192           150791510615274157911662217829179991760616955159401473313749
012920191           131401279612678127191310014160159721687816911168571679516708
012920192           166781665216582166881722518072179741745916731156441435413280
013020191           125891219912012120431242013451150791606216354161381587515670
013020192           154291535015385158581678518087183201817117747170531604515146
013120191           146041438414313144161486015905176061865118774184981815217886
013120192           175681741317334176161838419507197361943418855179041668515634
020120191           150051467714542145931496515944175911849418366180121772317429
020120192           170721687816783169781757518511185851830117840171451624715324
020220191           146651431414155141081423814659153961611316633166521634416188
020220192           158671559815476156791621317158170981661616043152771432213413
020320191           127151228612064119651204712335128701353114342149041514615260
020320192           152051499114729148221550116501160931517214726140261344312714
020420191           119171149011327113471173012705143471519415076146451429113965
020420192           136391358013571138401448215712159771558714910139531281511863
020520191           112641094410805108381119712231139271475014723145371412513614
020520192           132761321613289135841422315354156071526314684137471267411726
020620191           111331084910749108541130712426142481514314817143461402913803
020620192           136831387814147145891536416496165911618515581146081338812376
020720191           117161136211185111891152212530142591521815378154481550215479
020720192           152961520415127152521574516517164791604815413144741325712226
020820191           115321115910994109771131412271139401492515253154291543715221
020820192           145321401413819139461455615531157981552115152145501371812902
020920191           123421203711938119501217412676134641416014555145511437014163
020920192           138981370113754141711501216160164111603215556149491417013379
021020191           127981245912292122391233912663131751366013930139091382213692
021020192           135871353713692142081512216450167541633715660147201359912690
021120191           121171181511692117691217913272150881602716084158321545615035
021120192           146431445114429148061569016984173571699716398154741429113319
021220191           127281244312367124591291314011156801654116810168931706017194
021220192           172701735317251172051756818414183091764716737155861435713326
021320191           126331221012008119771226813138145281547615905159341584815432
021320192           151301522515265153981582416765169661655815955150421386412891
021420191           122851194011798118731221413186148191553815406150801476514468
021420192           141391396813891141421484415976163841606115532146831359112744
021520191           121531178011608116131195212890144661529815434154021553315451
021520192           153561518714897147911507615725157211519714602138221286811948
021620191           113041093710752107431092511383121401282713299132321309712911
021620192           126821247412444127711353814690151411485214461139011318012479
021720191           119601167511543115411167912044125861305213222131871305612858
021720192           126861267812805131641399715254156901530914783140291312012350
021820191           118321156311465115321181812537136161449215234158241619116328
021820192           162721611515897158761618616993172141672416107152551423013410
021920191           128951262412548126451306714077155721646016584164021619215876
021920192           155281531215170152961593017120175781725316678157971467713738
022020191           131631284912761128321322314221157371658016757167021659016553
022020192           164631643216295163161666817563177821730416612156681446413455
022120191           127951243112227121861246313324146211554115975159891570315289
022120192           147841458114352144161487815805162601589515321144771336512408
022220191           117741140411241112381158112505139591483414991148301450714096
022220192           136441354013519138031441415366157551538114891142271335412521
022320191           119051155011405113921157612055127601333813707137211352713388
022320192           132071306413068133281390614827152291487814390137481293312165
022420191           115641117110971108931094811227117201239213294140091445614655
022420192           146051446614348143771472615396155891509214392135091252311737
022520191           112181094810852109781144112557142231501915096150701502014910
022520192           148091481714797150271571616840173821702416392154761431813388
022620191           127981250612390124551286413940155711615215775153241502514822
022620192           146671463914668150701597517249179541771217160162501506414095
022720191           135311323213118131921359614697163441697116790166651643616181
022720192           160481621916193164891705817864181401774417078160941488213868
022820191           132861299812846128781321314180156301653316816165481619615894
022820192           155451527415034151001567816727173901714116608157791464813689
030120191           130881275412611126271300814019155471642116349158051528614811
030120192           144151420914124143131494815813162081585715372146981377812877
030220191           122231182211624115681168712077127561350814355148721503815090
030220192           149031468514601145591478915397157221528914704140351322212420
030320191           118121145211261112031130811655121711264812957130841308313043
030320192           128761261012662130911400715072155371516014561137871289112094
030420191           115741132311201112791158412378133951420114887152821542315368
030420192           152471513615055151091545616287169091651915903149731390313035
030520191           125211227912229123341278713930155691616915875155611536415113
030520192           148551472614614147971537116404172041695816400154771432313378
030620191           128201254812478125661301614144157681636716094158201571215666
030620192           156041564115671158591636517222178761764517159162691512214158
030720191           136081333013255133671376314874164751712416816163651608415843
030720192           156881565215632158051628017083176951745116978160841491613950
030820191           133751310213034131271350514602161621668716290158461550315178
030820192           148551472914646147561516815862164851619315687149881406213174
030920191           125751226612135121091227212756133901379613929138361362113311
030920192           129221257212427125771313714074148981471114350137941308212347
031020191           118151163311450112881136311457118741245613281141651480615239
031020192           154511540015212150951517515429156761575515182142911318512183
031120191           115321115711003110171135512332140341496714904145901430414034
031120192           137181347413254132851363714282149641551815137142721315012166
031220191           115741125911127111771155412511142471520115173148511460814253
031220192           138861351813253131991356714344151181579615452146301349112466
031320191           118411155211454115241193512997147871566815282145521407113683
031320192           134101335013506138331430314938154201567515221143271315712106
031420191           114361104310857108631118312163139201482714893146441428813920
031420192           135881333913105130711344013961145071502514662138491271111657
031520191           109731059110384103601061011499130831405114178142561423214099
031520192           137741354113114129971314813465137381405113658129541206411151
031620191           1045310047 9802 9730 985110222109581165512177123831238512300
031620192           121811193711695117081204512673132731385113687132061249811742
031720191           111781085010668106161072111047115941217712634128581290512748
031720192           125131220811977119911240513175139231470714510137721280311961
031820191           114071116311116112281167412776145911550315144144811405413776
031820192           134631323313060131181355914318150301566415340144491328012254
031920191           117001143111329113981181112902146991551415051143511386413578
031920192           133311328613238132271356814269148811549115198143571321112236
032020191           116531139311287113571176912859146831549115019142231361613140
032020192           127831266412520125601296613660143521501814732138881274611742
032120191           111311083010699107391110512100138301468014583142901425314067
032120192           139451379313781138891415514582148831514514733138611268211631
032220191           109811063310468104571078711761134441453714913151041520515178
032220192           149971482914543143491445014694148071500414600138921295112001
032320191           113531101610879108671100911437121751295613693138481357413278
032320192           128981239112092119961229912873134641407913976135071278511993
032420191           114111107210891108311091911206117181216212378122851203611808
032420192           115871134111290118721246012962134091395713677128481179810855
032520191           10275 9978 9873 99221031911407131821413814200139221356213278
032520192           129841269812397124271289613739144071495914662137701264111662
032620191           110771082710737108611130212393142011490614491138901347613144
032620192           128571266112467124991295013726144451514714974141531301312025
032720191           114591119611094111661160412692144441516714624139841350513126
032720192           128071262912453125181298113694143311503814876140631290811913
032820191           113091102910921109691137812419141561481514371137721330112971
032820192           126931254012404125461295513622142051478014468135811241911376
032920191           106931032310147101301043811381130241391814134142301429614168
032920192           138681378913629134681347213671137661400613675129861205911139
033020191           1046710087 9879 9803 988110268109471170612397126181241012009
033020192           117491144911250112941158812030123951281912645120791130210481
033120191            9836 9439 9222 9117 9160 9368 98411034710932114531178512330
033120192           126901271212673127901312513509135891379813499127001170910846
040120191           103181008010004100931050711676134591424013971135521323512992
040120192           127461259812403124151285913640142581488414744139721283411839
040220191           112381096210850109441136712476141831473314249136451318612795
040220192           124461229412166123041293113823143701480914494136171239111339
040320191           107071038210232102491062811651133841434014372139371333312790
040320192           124031231712271123501265613236136351417514079132721212111156
040420191           105701025610143101921059311644133241402413681132001284912608
040420192           123841228212120121451259313267138731452814463136961257011570
040520191           109961071510582106251105112030136191432614096137581359713434
040520192           132001316213142132851370714130142911448214201135561261011657
040620191           110091061910400103001037710721113911214812736126831221911757
040620192           114531115410920109341120511707121211255512556120271128010494
040720191            9907 9561 9407 9365 9469 9774102131070511114112961132111097
040720192           108721075110703109481148012109125631311012933120951102610108
040820191            9542 9246 9133 9176 954810542122711344113932142181443514494
040820192           143881425514089140341425014572146811484114461135151230611276
040920191           106261028110115101271048311498131891419214428144551439014239
040920192           140981408813990139641424114784150011503414660137601251511476
041020191           108261047310308103121066311672132821403813939138171374013506
041020192           132551306612857128321316513729140911457414547137291255111547
041120191           109431064110523105701095211972135421409713702132181285012535
041120192           123251227112193124701291513474137931417214105132871216611143
041220191           105011017010014100061034111314128481381114156142991433014165
041220192           138551365913398132691336213529136381383413561128311186810920
041320191           10221 9783 9531 9424 9501 9829104561120211987123781247012327
041320192           117861123310982110391137611853121911253212504119261113510316
041420191            9634 9231 8979 8856 8892 9125 95141002710539108571097811215
041420192           109651084711052113951182912309125911281212547117201086310055
041520191            9482 9157 8996 9003 930110140114681240812884130711333013358
041520192           131881317113113131471310813347134931368313541127381168810729
041620191           10119 9782 9678 96651000610964123341308313037127221250212302
041620192           121191204611917119291228212865132971367813688128671176810775
041720191           10127 9775 9629 9646 999610905121721279412645123001205311875
041720192           116781163511549115941190612415128391328913394126391157010581
041820191            9955 9623 9489 9496 983310711119851303613566138251399113999
041820192           139281383513781137931393914117141261408613766129471186410852
041920191           10164 9750 9511 9474 972310426114131221412668128341296612920
041920192           127561274312750127021285813016130231318813062124081152210626
042020191            9934 9500 9258 9111 9129 9395 98981069111658124431293213176
042020192           130891288612675125541267812878129051300612842122461140510487
042120191            9786 9299 9020 8872 8873 9063 94091006510909115951188111981
042120192           1180111478111041091011003112621157812087124031171810773 9881
042220191            9271 8940 8787 8800 909410024114831244512697127301282812920
042220192           130611322313191132671353513921140391403713701127691154410516
042320191            9852 9450 9272 9263 955510460119731294513139130621302212884
042320192           127121265612554125631278513093134311381913747128261159310570
042420191            9891 9510 9316 9295 962110512119701288813009128281264012507
042420192           123701231312236122961257912939132001347113540127161149310439
042520191            9768 9399 9235 9247 958910536119541266212524122871214912012
042520192           118611178511764118551225212708129761329913431126291148210447
042620191            9761 9378 9200 9144 943910324117991289213376135681368913760
042620192           137011371813687136001364713772137851377913485127811183410889
042720191           10179 9756 9529 9410 9477 9820104321114111759121731218912154
042720192           119611181311697115971174612182124831272412881123681159510761
042820191           10128 9706 9498 9388 9444 9665100001042911022114311175811933
042820192           120731203712022120831240612946131741321813258124331144510601
042920191           10009 9704 9639 97101013911168126671324012928125761235512187
042920192           120121197311944120581253213016133671373413754128561162010567
043020191            9909 9534 9405 9417 973310710123331339313710138581387213734
043020192           135431340113150129971310513400135581380713949131271193210862
050120191           10191 9836 9675 9668 996210923124381335313550136201354213426
050120192           132281307513005130401329213598137801394313856129871177110726
050220191           10054 9663 9484 9460 974410565119651286313075134401354913473
050220192           133811346713322133621356613825138851396913880130361184310767
050320191           10064 9680 9502 9472 976510657121581317113510134911332913190
050320192           130571322413226131351321413392133971340713291126101164010652
050420191            9916 9485 9264 9144 9232 9553101351090811610119871212712019
050420192           118941165011440114101156911864120291220212353118481105310203
050520191            9540 9112 8890 8783 8824 9010 93871005810841113991175011916
050520192           119901193711906119091211612541127971298212933120891106610165
050620191            9526 9190 9065 9065 940510393119281278812835126731259412323
050620192           120531200511912119901230812755130961334713508126931147410367
050720191            9652 9277 9134 9143 945810366118011254812579124921245312567
050720192           125081252012554127321309013500137011383413673127741151610440
050820191            9720 9300 9094 9059 935510206116581241512352121821209812066
050820192           120351206612002120481234012768130591326913508127401150110384
050920191            9667 9279 9104 9110 943310323117741248912401122111211811999
050920192           118741196212011121641247212828130811335713422126431145110399
051020191            9703 9310 9132 9118 939610267118021288313259133871361413779
051020192           137431373613523132981340713417132621319513263126591165210628
051120191            9910 9448 9156 9017 9063 9335 98971052810972110161086710683
051120192           105121034510278103951078511339117391192912208117831097210114
051220191            9438 8996 8778 8679 8711 8895 93091004210876115171189212024
051220192           120061191411871119781224512622128391299613035122671126510339
051320191            9719 9366 9239 9276 959910548120301284313088132121326513126
051320192           131131322213284134871378914188144401439014126131741193410872
051420191           10226 9856 9696 97181004710977125321348913666136831367113642
051420192           136171357013429134521374214132142471428814177133201210110976
051520191           10244 9839 9660 9663 997010890123871309112997129571297612922
051520192           127761276412593125831272113019132381347113650129081168110587
051620191            9872 9482 9294 9297 960610438118601257712549124781257412672
051620192           125811248912359124301274113037131671326913416127681157710481
051720191            9701 9289 9097 9081 935210178117011282113248134101345913513
051720192           134081340813326131851314913132131351312013242127281172310677
051820191            9889 9386 9126 9014 9094 9306 98431044310846109611086610794
051820192           107161057210537107121115311665119681202912229118421102310128
051920191            9436 9014 8758 8676 8688 8791 9125 973710477111501152611622
051920192           114871120511096112991190512607130021319613324125151149810577
052020191            9912 9501 9363 9364 965510516119991318213651139071414714328
052020192           144981490415174153301548715748156511549615434145601307611717
052120191           1069110022 9641 9484 964010308116381253912643125191250612463
052120192           124001246912562126941299513333134881346713607129351163110492
052220191            9737 9325 9104 9061 932310087114911230612327122071215412165
052220192           121601232312425126121288913291134471348213631129121164210498
052320191            9719 9277 9079 9053 932910126115631257612819128641299712951
052320192           129441296213141134141361113742136381361913681130141181910723
052420191            9994 9564 9334 9277 949210199116021262413033132341332113267
052420192           131301322613144130961318213295131881305813079125311152310497
052520191            9747 9257 8962 8840 8899 9060 94991012510660108831097411004
052520192           110311103411059113211172312059121841221412323118731103510135
052620191            9446 9006 8777 8674 8712 8831 9154 972210384108881126811608
052620192           119631230112601129851340513823138791380313860134081245011405
052720191           10526 9962 9585 9361 9344 9424 98491049211153116251190212144
052720192           122951238312561128991337713857140071396813969132521191210709
052820191            9888 9403 9149 9098 933210076115001253512902131381340313707
052820192           137721377713721136801389714182141631393313613127131150810461
052920191            9773 9380 9161 9147 941210223116941273813066131771319513211
052920192           131461314013029130081317713565137801374713595128211162510539
053020191            9787 9356 9160 9137 941410207116931274313036131221316613155
053020192           130921310213090131541321313369135261364713688129561175710651
053120191            9906 9483 9252 9218 948810228116271266113029131791334713412
053120192           133731346913487136021386313996139051373213749132201212611019
060120191           10185 9652 9334 9160 9175 9337 98401057011270116211176511851
060120192           119051197612123123091255812786128651280012882124831161110678
060220191            9921 9417 9126 8994 8993 9051 9362 998510784113191164311739
060220192           118201196012195125161296313487136811366313618129891178310662
060320191            9893 9438 9177 9101 934310047114351232812472124861254512632
060320192           126251276612820129411327913623137301362713573129081167010506
060420191            9709 9281 9068 9047 931010017113951221312306122331232812575
060420192           126141263912604127901316813502135701354713602129661173310590
060520191            9846 9431 9230 9200 947510246117391280713215133911354913709
060520192           139241435914651148781515715363152331508515064143211302711796
060620191           109701049310243101601041611255128231402014610148751497615028
060620192           150911525415386155651580516002159201567415502148351345512072
060720191           110451041410057 98751003110653120481307313484137351403714259
060720192           144171469414951151881537915383151621480614623141471299811769
060820191           1079910154 9762 9546 9533 9608101821093411653120471227112401
060820192           125021258812793131391364414123142291390713609131871216111070
060920191           10219 9647 9278 9109 9077 9065 9410 999510690112111150811771
060920192           119771213712377127871339314013142281402513882133341211610888
061020191           10033 9550 9298 9217 946610145115911267913099134381378814087
061020192           143371462514903152671554315796157661553015396146401329312065
061120191           112381074210508104221069811538130801429614819150941525915034
061120192           147621475914719147411506415393153911502314692140271266411347
061220191           10410 9867 9564 9440 964410316116831263712964131301331413461
061220192           136331386614050143561478315066150471473114421137851249511227
061320191           10343 9792 9487 9399 962710354117381285513337136341388013993
061320192           139651381613601135351359013756137251351913424128421171510666
061420191            9925 9475 9265 9200 946910200115011251312866130061331513549
061420192           136221360013529135351363813657135101330013226128551185910792
061520191            9996 9492 9216 9095 9130 9277 98521060411353117641200812075
061520192           120611208012247126201313813569136511350213481131511229711352
061620191           1058310066 9764 9579 9537 9614 99611060811477122571282513100
061620192           132781329213343133501351513749138271379513798133001228411269
061720191           1055010123 9890 98221007510814122191334213830141671452814854
061720192           150241521815295153641555015861159241570315486149031353112227
061820191           112471068210362102441045611162124961362214270146781497215223
061820192           153281538115240151071514915240151321493714740141441293911761
061920191           109251041410131100501029611024123401347414130145441492615148
061920192           152651547815613156681583015863156821544915347147491345312186
062020191           112721071610419103021050911202125031368914405149091526015459
062020192           155111560215520154501558315691156331549615352147681360712443
062120191           115781098310605104291056611216123621348014176146281484314904
062120192           148611490914804146881463514637144831420314069136901265111511
062220191           1063710041 9709 9520 9505 9619101081079611533120381237412594
062220192           127801294013138132391335413714138141355313416131241223711229
062320191           10422 9872 9525 9317 9268 9269 96131019410921115151196012359
062320192           126841296613372139701471215418157071553215265148361362612326
062420191           113141067210269100871023710830121161334314080146101512815597
062420192           159561642816822171811743217566173291683516493157461421412779
062520191           117381106310672105131069011293125821385014629151981572716077
062520192           161931627416176160091599916175161111587915652150731386312653
062620191           118111126610940108251102911681130451432215062154961593916344
062620192           166251708817527179561834018613184091788317368165621505013515
062720191           123991168111221109811111111703129431416414873154511612416770
062720192           172721784618255185321880018985187761826017705169171537713814
062820191           126231184711332110861116011639128751417115092158621665617349
062820192           178811851019007193871969919913196271900418292175441611614626
062920191           134831266212108117961170611808122911311914101149731571316342
062920192           167841723917419175541756217735177071740217019165221541414172
063020191           130771227211727113281109410960113111206413062139331457414791
063020192           147101490314996147211477515154152381491714667143151323312045
070120191           111661060610296101811038810985122221343614177146661515615629
070120192           160861659517101175711806618524185571807817550168201526913718
070220191           126131190511450112211133211918130431423615026155691617316643
070220192           169331728117419178591856619128190751851718082173911589914339
070320191           132091243511900115991166012163134251487315953168661768618374
070320192           189141951219917202742058820779204221964118840179741656515073
070420191           137461282512231118321168311717122431313814234153631641117266
070420192           178861825518487187951903619114188011819017549168441587014658
070520191           135071270012142118261178412085129441413415250163281733718169
070520192           188051936219864203242071520873204481968119027183531704315646
070620191           145521379113330130431297313078136401476416164175251860319495
070620192           201772060320856210612079920175194421876818309176411651615208
070720191           141211339612882125391233412156122541265413259137841426814664
070720192           149561524215537160101664717246173831693116412157891448113092
070820191           120491138010961107611089111449126421380614446149281536715556
070820192           157421624316796173591797518463184731795417305164191490713413
070920191           123361163111197109821109711631128791419014989156071628616909
070920192           174591813718747193251993520319201891951618826178801612714450
071020191           132481243211909116311169812219134121473115668165221741818203
071020192           189361972520318207172106521166208332017819616187711707415381
071120191           141421331512785125071258113173143981567116528172781805118851
071120192           195412011220175199111984719631191371862418331175671620414841
071220191           138241313512753125731273813446147041596616856175001808718742
071220192           192601989420349206122059220575201311929818631178751651915065
071320191           138931309412505121231195811969124591343014499153971612316746
071320192           172331760218017185031905519476194711889018284176611640015047
071420191           139001307312542121721201911971123021324214523157421684717790
071420192           184701885019103195391997620284201941959519085182651661214954
071520191           137271284712270119511200312518136991502415831163931692717358
071520192           177771828818828193991998220306200621931818717177361603714349
071620191           131351232911793115051158312134133361464215557163371713417959
071620192           187441954220113206442102221255211892072720285194961784516221
071720191           150351427513792135681369814388157821719218143187891968020539
071720192           214792236822888229702255021993212952071720174191911761116091
071820191           150101421513739134861361614253154201654617051172981747117557
071820192           174701745117403172721746517436171481680516617160171476013518
071920191           125601192311584114251161112282134771471115543162011699817926
071920192           189272009621217220292253622861226782216321724209911950618027
072020191           168091592915323149351473014776154451679418446199132115522138
072020192           227662317123476236842397024197240632362323260224892103919468
072120191           181271708416320157361537015200155581675018332196562032221013
072120192           218252253823078234872393824185240322339622816218122002218233
072220191           168621588815184147641470115086161371745618374190821957820180
072220192           204192038820326201241978219466189031832517715166481528714030
072320191           131041246312072118601199012657137811479715444157311586315894
072320192           155451557815492155731572215910158621572015692150721387212696
072420191           118601133311014108811109211781129461409014743151181547615921
072420192           163701684117233176181805818350181491755317092162421472513270
072520191           122351155711096108851100311646127261382914590151651573416245
072520192           167381730617695180921850418752185151793717555167541526413786
072620191           126821194911481112371132611854129301421015146158671662717317
072620192           178891853119058194841985220024196311881418231173651591714423
072720191           132611247511940116041151511631120271286013868147691558616318
072720192           168821725417467177401807018275180461735516914162301503513802
072820191           128121206911616113311119411195114891234513484146281584317019
072820192           180441879719384199982061521088210442046720079192371769016201
072920191           150551426313746134791360514221154431692018097191262017821096
072920192           218862269923222234872363223750234692283022194209471903917253
073020191           158911498314403140731412414714159721748718685199132116422295
073020192           232102386724144241572435524361240452337622690213991950417695
073120191           163451539214737143521436414912160841757218781198362091821796
073120192           225712323023221227202159920967203621976819349183601687215404
080120191           142911355313059128011288413509146231586316643172391787918426
080120192           189141949520004203742075920931205361965018961178321612214490
080220191           132441243211891115841161312121131081428515078156861632216863
080220192           173201790918447189431942219546190791831117822169361555114175
080320191           131101237211894116061152711671121121305414156150701579216286
080320192           168271730617832181871859318741184451789517680170361588114710
080420191           137311301012510121531195711913120911281613864147061551316262
080420192           168571733217707181211852418806187191814317789168301532713849
080520191           127201195211449111521123411776127441382014536150201551015991
080520192           164181697517501180131852218899187391805517611165631502013590
080620191           125681186211443112511139612073132261440315198158341650017117
080620192           175321781317901180361835118463183201800517828169221550614122
080720191           131321248312093119271211812860140671538616376171591784618567
080720192           191561978719979199972033320347199041944818952178751638814828
080820191           137921310112677124771262613329144681571616557171001760218189
080820192           187511944020028205482088721075206971993419272180521632614677
080920191           134941269512177118881194712508135341478415656162471673517200
080920192           175691803218408187511906119151186781787417393163911499413596
081020191           124951172711246109381083810956112811206412902135311396914304
081020192           145521460214791150051518615322152091474914588138881289111837
081120191           110011041710063 9827 9752 9823100361064011328118701230412710
081120192           131431345613712141871485015393153991520115215144941334312190
081220191           113561083710517103821057711248122971344714216148241543116034
081220192           166271740417920183531888319314190511853518243171871570214334
081320191           133271270912340121731235213111142971554816396170491752017860
081320192           179031794017893179111802718249181221783417665167051532914032
081420191           130341238611992118051196112640137071472115389158041619116524
081420192           167551724217619177871791218014177471732117080160901467013332
081520191           123431170811315111181125511938130071409014762151881569416186
081520192           166411727217749181051845818574181641753917199162061481113487
081620191           124911184711458112551137112038130861419015027155521603816517
081620192           169301748117971183501861718605180591741717060162101501813823
081720191           128991227911893116591161411864123511310214027147641531015703
081720192           160481629516566168961729917566174231711316919161761510014002
081820191           130891245612044117681167611780120241264813610145451542416364
081820192           172941810618834194141998820315200571964619353182661677415374
081920191           143481365713241130711324814015151611644917497184591951520554
081920192           214992243823061233652289422269216022087820334190001728615680
082020191           145201375013199128671285513409144411563116479171261776318386
082020192           189901968620240207272117421384209352010119454180771636214785
082120191           136501288512412121691231613049142461556616627174431818818976
082120192           196232017020183200131999219890196231937219041180301653715041
082220191           139621325812818126231280113574148171611217100179431893119933
082220192           207922148621881221442237322137213812069620206189161720415649
082320191           144231356612978126041254613082140611493015478157331592716220
082320192           162891641316597166261674316593161791592215653147541354412318
082420191           113741073710322100851002410221105931126411952124231269812913
082420192           130851321913345135481387614166141701405013956133011241811481
082520191           1076210235 9925 9719 9690 9811100601059911313118491212312354
082520192           124631249512492125811300213521137311375813676128301174010762
082620191           10084 9655 9432 9371 962010411115521246512896131761344213636
082620192           138431411014294144981485415231152351507714774137041239611238
082720191           10451 9959 9684 9588 980910569117351263013083134011373014038
082720192           142481446914638149091510615300152381526715090140821279311672
082820191           109241044610203101131033111188125291353914093145451495515349
082820192           157941618916305163191634216426163381631615976150661383312718
082920191           119481148511178110231118311983133931436214840152301558115913
082920192           163361688517345177571810418261179161743916951157571422112825
083020191           118141113410703105041060211266123651340214118146531520815623
083020192           160231661517218176961811918237178371738716947159561468613380
083120191           123311156311064107211060110721110051165612449129681333213602
083120192           138041393914159144471480514907147081454614261135001252411517
090120191           1071010146 9784 9585 9504 9627 98481039211058115521187812187
090120192           124211260912790130251333313616136541368413466128391200611173
090220191           1049810054 9780 9662 972110021104381096911827126061326013766
090220192           140531424314361144721485715303153451540315113141791300711935
090320191           111771067710378102451044211298127201367314157144971482115153
090320192           154341585816180165791695317132169181675716280150731360912345
090420191           114691092610620105281077311684131971422114771152931573316128
090420192           165621705317498178571822318373181291797317466161331451513041
090520191           119671123210767105191058411314125381328113469135511373013887
090520192           139821421614392145361475614944149081503714679136431241411245
090620191           10484 9986 9747 9645 985910688120581290113265134471364513812
090620192           138191388513778137081379113894138501388013456127141172910800
090720191           10124 9675 9405 9260 9281 9564101251076311468118971206612049
090720192           118861187311978122591263713031131651332313034123471150110650
090820191            9944 9490 9226 9083 9062 9242 95531012010851113091148511702
090820192           119201208312319126701319513729139531422313818128691177010745
090920191           10027 9564 9369 9308 956310444118731269612949131591339013593
090920192           138081404914160143771466314933149841516714717136371234611228
091020191           1049310032 9775 9705 993610828123241319313551137131392714102
091020192           142791445714509146881486015123152231547615031140161275611690
091120191           110091061110398103521064511624132181425214769152751558515555
091120192           158591663317222178401842418748185421858518013167161511113665
091220191           126431197511529113301146512279137121461214991151851521715130
091220192           148851464014333142111430414448144761461314105131041188410776
091320191           10069 9617 9367 9308 953710369117801258012718127031274312791
091320192           127531278812804129351322913546135231365113204124481148210514
091420191            9815 9358 9138 9041 9085 9431100091074911573121211248512703
091420192           128361285912786127881297813273134901366313273126411185711045
091520191           10451 9998 9751 9573 9578 9753100881060311310117331202912307
091520192           126181289013202136601430714782148851508214521134751224211198
091620191           10461 9986 9750 9690 997210877123541321513370134451357213637
091620192           136761381113910141281453114979150491512614441132971197810851
091720191           10086 9644 9386 9327 956410445119101271312805128041285912997
091720192           130241323213343135281385314245144231462514000129861174410696
091820191           10005 9586 9407 9366 959610470119611275512863127611270712712
091820192           126871272512667127471314513633138701415013607125861138610368
091920191            9714 9340 9146 9105 943510356119381272912705125131240212342
091920192           123101245912563128061325213758139611422113691127121148110440
092020191            9794 9391 9188 9170 945410331118631265912698126181266712751
092020192           128031300513217135241397614298142581434013749129101189810887
092120191           10159 9666 9372 9243 9298 9594100531079111442118641211912327
092120192           125561279413173136621423014656146191465814058131921222411279
092220191           10476 9935 9682 9454 9403 9558 98861041111103116811211012653
092220192           132331375614249148201544115911160131616415537144841323612101
092320191           113761088510625105881092011918135551455615123156541617716791
092320192           173591803118531189901916219081189331885218019167301517413750
092420191           126321193211513112411135412147135701431114615148341506615250
092420192           153411555615610157361579815860157411570114951137621238811220
092520191           10445 9905 9656 9546 973210617120871289813033130771318813322
092520192           134041350813696139451445714861149851504514349132671202910864
092620191           10229 9728 9515 9455 971110589121471301913359135911393514179
092620192           144701501815275153881544915486153431504414351132491210010941
092720191           10314 9746 9507 9448 964210397118751270212860128711288812878
092720192           129601309513242135031389514143141411409313484126761170010671
092820191            9967 9567 9224 9130 9163 9524100781080011546119841211112173
092820192           122991244112770132241373714054142101425313785131591232411468
092920191           108411035110054 9895 987010006102771088111399118051188312040
092920192           123301244612603128691331613762139801398613290123431121410231
093020191            9581 9205 9036 8994 920210163115741240712586125111255212685
093020192           127261278112818130191342413947143661438213661126641151710426
100120191            9814 9428 9234 9213 948810403120231309213535137581390114002
100120192           139381401014003141311441014806151261519014603136021241911432
100220191           107341038110191102011047411470132041424214645151581555915737
100220192           157851598516138159791592915943159011560014758135971218211011
100320191           10173 9711 9430 9355 958210450120111293213143131411313713173
100320192           132141324613144131421334213775142491416413573126641152310521
100420191            9856 9478 9298 9249 950610381119331285213017130091303913020
100420192           128901272512518123931265513173135921361913111124111151510521
100520191            9822 9478 9274 9218 9332 9743104291117511569115301128710992
100520192           107461058110554107971130212084126951279712395118461107910314
100620191            9672 9332 9137 9076 9108 9431 99241051511140115361178412106
100620192           123271244412453125921297013398138071371613116121991119710298
100720191            9720 9413 9278 9295 961010600122651333313660138971407414178
100720192           142441442214419144751469315035153901512614303131881196710867
100820191           10099 9730 9483 9424 956310486120781306813316133281332513281
100820192           131221306513033131021336613803143411421213536125921146010446
100920191            9804 9407 9210 9184 947110344119611291313199133311346113559
100920192           135621354613485134881376114190146121439913746127981160910581
101020191            9864 9535 9331 9336 957610516122121314813342133591334613228
101020192           131241316613137132451349813931144431435013707127961174010745
101120191            9960 9565 9356 9329 957810466120341298913306133351329613285
101120192           132341324813163131071324313611140031380213287125531162310696
101220191            9936 9525 9293 9182 9242 9577102391095111691121221230212206
101220192           119871189511780117481207412527129931286412426118221106310264
101320191            9611 9240 9018 8894 8931 9149 96311017410714109551095510806
101320192           1072610664107571106011645123481303612928123711168010815 9990
101420191            9426 9109 8969 8950 9202 9924110731199612536127551279912701
101420192           126781264312658128931339513964144931426713572125511138710365
101520191            9678 9299 9112 9092 937910337120221293012876125741225912217
101520192           120701213512227124501297813633143491421413560126071148310498
101620191            9863 9533 9380 9385 970910717124511336013308130141283712928
101620192           130211309413238134341382414419148381451713872129151172010627
101720191            9940 9523 9220 9123 933710108115531240812695127401280612973
101720192           130301312013108131021332813818143261413013540126361151210531
101820191            9869 9514 9332 9307 958510481120901303413218131971306412871
101820192           126731256912546125881290013362138881367013164124841159510651
101920191            9965 9592 9395 9350 9465 9902106781143111856117601150211206
101920192           109431076110748110141159712302129601280312415118821113310405
102020191            9812 9442 9272 9207 9289 9599101361073811355115791153011503
102020192           115941174211886121401264913311138361354012914120161097210083
102120191            9507 9140 9050 9079 940910402121771314213217130661279712530
102120192           123301236912375126241311113761144671422813550126071153210469
102220191            9778 9442 9275 9275 957610516122401325113413133571328113373
102220192           134611359213521135801387114472147971444213793128151157610596
102320191            9908 9524 9354 9366 957510522122161326913405131961301312867
102320192           126811268212656127641315713742143091416613513125891142810416
102420191            9825 9467 9310 9300 963110632124161338013285129201264612377
102420192           122341233912445126671314013723143241407113539126301147810457
102520191            9833 9402 9242 9231 951910447120501306713189132261320513030
102520192           129341295112932129361315813628138451353112971123061136810457
102620191            9754 9340 9086 8993 9081 9402101521090311477115131130411137
102620192           110041092110855110861164712289129521261412203116581090610186
102720191            9557 9237 8998 8914 8951 9174 96661038811271120731271413123
102720192           134321351313493135461371513940141801370613120122131112910218
102820191            9597 9210 9095 9112 946410453121631322713496135671351413372
102820192           133061335013278133091364414285147141436013683127111155210475
102920191            9835 9465 9320 9271 953610512122351327613493135281357213571
102920192           134701344213324133651365214328147851443413788127881162110579
103020191            9886 9486 9341 9260 953110507121941322913415134591347313456
103020192           134051344113472134851374714360147571438813743127771166810641
103120191            9902 9528 9338 9304 960510518121381332713658139741430014420
103120192           144491444414328143231442514664146151417613767129701197610973
110120191           10319 9950 9630 9440 952810040113531234712562123841220012008
110120192           118791186311877120611252813230138101350313044124301153710673
110220191           10082 9679 9495 9440 951910027108271161812236121051182411486
110220192           112081104311035113431200312813134481318012812122161145310696
110320191           10090 9686 9478 9549 971910092108231138311617115541136811322
110320192           114161157611888123831333514378141881381613113122431134610549
110420191           10040 9787 9740 98531032411438131971379213471130701281812709
110420192           126961284813096134091433515303151351464813910128981169610752
110520191           10190 9869 9703 97271013911142126861352313704138551392914028
110520192           140431416214188141921465915320150901456013853127891163110725
110620191           10123 9787 9715 97721017111292129891363913308129521266512565
110620192           124891257112814133101419215225151641480514216132911217311202
110720191           106361033510183101921055211545132051393813992141571423214225
110720192           140861408714125142531493115432152451481614189132831220211245
110820191           106891041110252103681080311888135631430414232140531404813996
110820192           140091411214296147011556116349160841561215086143271335912439
110920191           118531148011296113041148811957126911326013451133261311912734
110920192           124941247112662131961426415096149131453114080134551265511908
111020191           113861103410802107261080411083115861210012601127441263712322
111020192           124211250612695130261394614688144761400013487126801175110951
111120191           1040510071 9956 99931034411205124721333813786139141391713801
111120192           138611397114020142141499915653153511486114092131321200611068
111220191           1048610159 9981 99951039411399130461396814354145751484814976
111220192           150411519815275155281628116916167821643015839149421383812948
111320191           124161213512064121751263813764154681617215912155261525615024
111320192           148591486715126156521671117548174431711216536155881439013381
111420191           127801244712369124431279913914155551622616121159661577915632
111420192           153431534315301155031625116867167001624215648146521347412497
111520191           117811146811343114021175412848144231506514761143041381113588
111520192           133251342113577139751489915537153221491914390136801281811989
111620191           113971106111003110611131411872126551336313660135631341813200
111620192           130361299913271139091503715768155931522014805142491349712764
111720191           122131185411721116731176512071126201322813787141291423314264
111720192           143001430314389147211562216182159491536114824138151274411844
111820191           112681096410845109061130512379139921492415205153431543615451
111820192           153641529115228153731611016650163381579415049140081278411789
111920191           111101076310599106291097411970136391451814704147221479014765
111920192           146681461614597148021557116140159461546414801138161263911696
112020191           109451064510506105181090111957136611455814839149531505615062
112020192           149741500314966151291592116491162691583115179142121299412014
112120191           114161102810975109621134512407141011482914546139931360313371
112120192           132521335613577140561509815852157581540214847139351273811713
112220191           110331063410449104171072511649132491412214379144191449114474
112220192           145081461914581147381528315687154191497514499138201293612115
112320191           114241110410937109151108611555123351301513290131391289212650
112320192           124991244612788133181435914977147341432213869132591245411673
112420191           110591064210418103621042110710112451193912865136041407714416
112420192           146101465414646148501551315757154431491514385134591241011496
112520191           109491064010516106131096312031136931448014463141681375713444
112520192           133271336413618140961506415806157011529114691137591261611560
112620191           109091057610445105091093312017136891445114325138041336113093
112620192           130421319113389137761465415370152611487314340134981237211440
112720191           107591044410297103491070111678131721411214450144761464114655
112720192           145531446314398145681524715521151691465113996132091216311169
112820191           10374 9991 9729 9669 983010246110461187712933136971435014582
112820192           142911367613067127291308113268131531307812996126681211911481
112920191           110561076410659106921094611566123711294713215132061316013063
112920192           130181314313387139131498315631154301509314661140751326812446
113020191           118111145311256112321142311860125471322413647136421342913214
113020192           131061312113446140841523515900157931548915109145431374612909
120120191           122641193111740117091184112196127811334213839142361461014865
120120192           150521527915537159801690617326170121641615675146721360912601
120220191           119231155211407114171178212726141671512915686160241627816397
120220192           164011638616297164081723217790175461707616348153311408713060
120320191           124031204311907119271228613173143911528815932162471641816468
120320192           163701624216109161891708117811175851712416421153681412613057
120420191           123911205211895119161229513294149641582415976159701590315797
120420192           156821564015538156691653417145170241660916049150711380012711
120520191           120091162911462115101190412945146621551815503152771508314952
120520192           148571495715052153341632817024169361660116089152151404012968
120620191           123001194311800118491222913262149401581316027160601602215966
120620192           158731586315824160001674617000166581614615598148741390912936
120720191           122541187011690116901189412392132381406114663147641465414498
120720192           143091422114357147601583316530163651603215642150951432613505
120820191           128841253312378123551251412875135351421214760148721474814601
120820192           145471461614809152711642517046168991639015848148261357012518
120920191           118301141111208111651151112519142121520515459156391576615732
120920192           156631555815426155581632416786165501600515258141981288011685
121020191           108661040910184101491047011433131051406314216142391430214326
121020192           144021448414502147161555916061158961547914873139791283311767
121120191           111351081510793109341136612454140941523015717160031602815789
121120192           153771521915247156211674117629175551722816661157101447213334
121220191           126081226812144122181264113772156001654116545162801605115778
121220192           155161549115600159771708017775176951746116981160791483813653
121320191           129001250412319123081265713639153211624116331162701615916072
121320192           159071587615817159641669916961165821603415466146471361112513
121420191           116901118110895107681082511174118321271213603141631433414257
121420192           141281394113899140771482115110147831430213805132051238711505
121520191           107931036710176101411025110571111681184812649130841322313449
121520192           136601368013775141311538316251162071591015443146311355612550
121620191           118731151811444115271197013076148891590816055161031611716050
121620192           158901575715813161331724218021179091750416909158881457813372
121720191           125751216711985119961237313371148971588616434168461712617328
121720192           173471730517149172201795918446181541751116769157211443913285
121820191           125301219312018120331237613327149751595116177160001570715405
121820192           152331539815524158561694117764177771751517102163371522714180
121920191           135271323713192133251378214881167061771817758175261724116991
121920192           167621673716845172601831019065189871878518324174811624515074
122020191           142881384113672137011408515061167271765717634172941691516490
122020192           160921601116078164611753018257180551767717216164981550114478
122120191           137381329313082130381321013614143851519115836160251596015789
122120192           156041543515433156031644516914167291629915948152951446513573
122220191           128931242612205121261222012538131411380914412146511459314379
122220192           142091404914102144281559416417162941595715484147461375212741
122320191           120341164611507115541193312781140781507415326150441461314183
122320192           138481383614008143961546516230160501563315142143631336412274
122420191           114481097610764107311102711787129331384914323143811410613785
122420192           135001350013772142241512715497149291439214067137601322112556
122520191           118971147711245111991133011728123681308213606136141334713123
122520192           129991289912967131811394314394142921417213997135591283012041
122620191           114761114211013110341134812099131711410714639147931489514980
122620192           149971502315100153231629016870166001612115537146701358412571
122720191           118081137411157111231137912093131571408014779151931536415332
122720192           151701499814914149641560215942155661505514510137941286911919
122820191           111981075110526104821062811024116631232812861129671288412670
122820192           124961248112681131791430515068149681465414306137701302012206
122920191           115451111910887108351094211258118061236712839129981290512862
122920192           130021311913437138161501515632154401500714479137171279911927
123020191           113101095610809108651121512007131911423314979155761601816305
123020192           164081639116271162761691917394170361644515749148091371012702
123120191           119551146111204111561138712077131271394314488148241505615197
123120192           151881519715098151571585516304157581496314260135791287912252
