010120211           121921174011476113991150811856123541275812949129381295513171
010120212           134511367113908143331538616056157421519814604139211311712331
010220211           117061124610983108511089111166116571221512919135291377813812
010220212           135051337513430137631482415733155491508914521138831312112353
010320211           117451135311174111381123711515119981252213196138691440514814
010320212           150531509415176153861625816848165081587215138142261319812320
010420211           117051135611235112571161512454137701490615505156611557115438
010420212           151651489114828151261607017085168401626215518145851354012590
010520211           119371159311443114651177512594138941498915533155841557015605
010520212           155931560915619157981658517308170111639315599146211353212581
010620211           119401159511436114421175512550138281493415407153271511414982
010620212           149421491814991152981624517243169861643915706148021372612801
010720211           121671178311623116571198712814141541519915491152021486814623
010720212           144781441914541150051600217091169241641115751148891385512965
010820211           123631202411893119411228713100144171549315749153791494314636
010820212           144001436914557150251594116838166321611715550148331395213100
010920211           124901211411920118861201912419130961373514190143041424814088
010920212           139891405114276147001558416390161451560315025142971346512694
011020211           120581165311484114361154611854123951295013386134871336413276
011020212           132751323813442140061515916356162391573615148143621347612708
011120211           121811190411868119831239713354148261595716422164681643716490
011120212           164251632816199162521685417586172431663015819148591382112917
011220211           123181201611906119551232313174145671562915942157171531814939
011220212           148401487314967152651613217086168331618715422144861339212438
011320211           118131147311325113521172812624140471514615459152061492214829
011320212           148861498415082153221607516878165721595015183142471314212249
011420211           116701134611203112171154312386137071485115366154031536115355
011420212           152511526115233152951588116690164211576315037141011301912087
011520211           114661109710940109601129012099134141451814939148231462314546
011520212           145881465114693148101544816169158641528414634138481293512074
011620211           113951096410767106981081311166117691252213351140671446314560
011620212           143521400713785139251458915281150511446913930132581253411797
011720211           112131088410705106671076711061116021212212603128341295413149
011720212           134451355013643139561476615664154531478314143133541249111668
011820211           110941073110594106091092911649127411361413955139131388714052
011820212           142651431814347147831566816744165171590315201143481337612497
011920211           119521161811524116021198412953144971552815772154791507714920
011920212           149551505215183155131622917071167651613215383144701344412580
012020211           120051169311537115451188012692140421517615666157551549915194
012020212           149341504815223154571621717226171721666116000150861407613470
012120211           126641236112268123111267013569150071613316469165151658016579
012120212           164741655816308162301668717448172311670615965149581381112848
012220211           122271184211659116691198712832141681517615528153711487214542
012220212           145731481114896149571546116274160751556114946142031328012479
012320211           118711152911370113721155412001127361346914034141791415514074
012320212           139461392814140147381578016975169591651515984153251453713829
012420211           132821295312768127271284513145136531420114554146031454414482
012420212           144661441914629152241621317310172651679416113152351425213419
012520211           129141263512554126231301913917153661645116562160881559615314
012520212           150631493215082155051644817650175051693816177152031410413183
012620211           125661225912153122321256413471149001592816131157891561915662
012620212           158681611916241164351695517749175181688016045150401389312984
012720211           123961204311877119081224413056143201535915958161841625716214
012720212           161191600615906159161637717293171041645115677147291365712751
012820211           121551181011663116981205612906143251550816153164031648916470
012820212           162691606015946160571667117808178481743916804159761500114184
012920211           136951343813365134421385714833163201747118014180591793717801
012920212           176011748317368174571794818839187581832617640168671591015071
013020211           144721413813975139421408114491151351581416323164691637616186
013020212           159051563315565158521663517808178521737516840161771535814629
013120211           141021379313643136491380214130146921527715822161131612916125
013120212           160641588615807160241679417950178781731116597157261475313925
020120211           133481304912923129711330514096153431641217069173261749617603
020120212           175961749817298171961751418181178541712616270153041426913328
020220211           126971232312154121351237613024139981493715691161301642316625
020220212           166691650516339163441672717593173891669915873148821381712947
020320211           123611197811825118641218513046144351547316021160161595115955
020320212           158901588415823158121624717246171781655715818149541385112953
020420211           123501200211835118411216913036144031543915803156771538715243
020420212           151451511715026151451566316736168781639715743148811388713056
020520211           124821219612064120981242913269145741562916213164921658916513
020520212           162741589415576153711558816400164041582415152143931354912713
020620211           121051172811537115131166312102128461350113861138471368513581
020620212           134611328413204135401432615550157651533014788141471337612635
020720211           121141177211617115871169611994125391311713895146101521015778
020720212           161541621216188162281655317247169361593915276145751386013060
020820211           124251216412122122611268613587149601608316550166151657516438
020820212           162291598415763158111638317613178521741016717157821472913855
020920211           133071297512818128541316314008153461640716996171471723317371
020920212           174081729217087169951728518031179241732416522155691448213552
021020211           130001266412423125211291313836153441653116899167871656516364
021020212           161951605015882158621639317496177211725516566154871437613416
021120211           128131247912319123781269613593150681627916668165861638916215
021120212           160251580515642158091642217570178131731516654157611472413823
021220211           133541310413042131331355214451158411688717116170061683916694
021220212           164691633616298163361665517422174651700216376156091470013800
021320211           132061283812651126361281213232139271463015261156601568615567
021320212           153511509615068152711578116692167551625315606148781402513203
021420211           126321223112008119311197812218127201336214165148031510415149
021420212           150031479414649147121515716103161831559114913141501333512543
021520211           119991169511564115861187512556135641446815177156901604916240
021520212           162311620616116161491657517341172361654415715147991376712876
021620211           122601189811723117271200612715138331486715605158941591715890
021620212           156841542815233151531550716414165221590915178143711345012699
021720211           121591194711914120451242113338146721554215641154111525915006
021720212           148041469714770151311580217013173991693716287154421440713486
021820211           128721249912343123631268713511147551572116160163731651216582
021820212           166811670816577165911683717588176621705816248153231429213394
021920211           128111245012303123201261913357145051547916212165261673516822
021920212           167651664716429163061648717130171661655315836150141406413211
022020211           126101221811997119301205812447130591380114446147531479014795
022020212           146791451114390144901499615948163101584315287146451391213195
022120211           126871237212233122211234712702132111366813972141491416314091
022120212           139121361513498138091461015897164671608415501147391386913095
022220211           126651241912359124171276013603149301599216502165431637716262
022220212           163151636516267163221666117375171881641115512145501350412572
022320211           119951169011561115811189512742140631494215201149131448514259
022320212           143101447514563147801522916179163891580715073141851313312192
022420211           116041129511148111731152012407137371444214295138731359313449
022420212           133971340213382134651411015278157431524914551136381258311643
022520211           110661071510560106011097511926132771401514003136801345313313
022520212           131171300113018133681424115479160091559014977141851321412374
022620211           118671160011509115691196512882142121488814663141391376313476
022620212           131681299713015134281426715367157861537014797140981322012438
022720211           119121156311393113441147611818124221316613959145311484814978
022720212           149581475714525143681440314903151111461814037133851261111888
022820211           113321097310773107401086811167116351216112765131221331213392
022820212           134071341913402136801425515084153541483714156132901236711581
030120211           110501074610623106741100411862131921423414731149401505815255
030120212           152491498014671145461481115904165041603115375145841364412940
030220211           125401236512409126071310614067154731621316115157661547615286
030220212           150651488114876152171610017257177671731216648156911456213630
030320211           130551268012509125021278813599148491557915465147691426614012
030320212           138081374013779140371466815703161901569515008141111305212173
030420211           116211131411195112541164112546138621465114697145911435614192
030420212           139121369713552138351473416039167131634715764149491397813176
030520211           126441238512291123451270313591148431556315558151921484614616
030520212           143121411314092143891515316183166941627815683149451401613207
030620211           126141229212154121461232412751133311364913702135991341513187
030620212           129891285712980134951426615341159601561915098144751370512976
030720211           124501212011997119841211512463128781300612965128901274012622
030720212           124921231012338128061383615128159031556714957141651330012526
030820211           120801187911853119651242013383147011516514835143201395713709
030820212           134901330413253135881447815712164171595015241143311327412379
030920211           117501141411274112951160712428137041434514033134451295512689
030920212           125101242912487127581347614507152231481414149133161236811560
031020211           110451082710770108861131712298135401397913585130711268912449
031020212           122591218012228125761335514463152541490214233133811239711515
031120211           109791067910561105481084311746129581373713952136311320112879
031120212           124191220112091124931307113920145981419613493126101164710809
031220211           10223 9794 9691 9624 992010739118961248612394119551171611611
031220212           114771145311526118391249713335139471361313033123981166210909
031320211           104021023210175102291055210965116401190812026118951170811558
031320212           113081113511139116081241913461142651404513591129811222111514
031420211           109881077510562103681047410694111051150311699117281168111951
031420212           123401231812575129131323613892146941532415054143891354312769
031520211           122631200712062120611242013425148931608616304158711542715060
031520212           147531447014267141661460815687164611696616449155791452113583
031620211           129451266712525125391284513646151071607715997155271501514735
031620212           145321425513956139641448115287158111604915488146141351412544
031720211           120071161611475114901179412638139231500015177148131424313681
031720212           132041287512675126511309213742143121471714342135621261011731
031820211           111551079510687106471103411679131031415014651147661477214757
031820212           147231468714588145811481015197152971514214546136851269911892
031920211           112721098910883109381132112252136331470514725142651378413435
031920212           131221283812570125221294513749144751501514709140981328912444
032020211           118421150011329113101145811856125381307113059126701214511660
032020212           112351082410584106421116212003127131333213137126111195811264
032120211           107711044610309103011042910749112901173911805115401116710848
032120212           105531027810125103021094011943127541337113113123871150410730
032220211           1025410002 9931100731048811460129431388213681130451249512098
032220212           118041156711413114861196912870134871397913585127601179410916
032320211           103881010610023100801045111306127301362713484128781228911904
032320212           116441146311354114631197012773133181378313349124851145810585
032420211           10037 9752 9647 96971000610867122451315513362131661298012872
032420212           125581246912444126331308813613139061402913478125971156510629
032520211           10034 9688 9509 9495 974410514118591287013277132761320713125
032520212           128371238312006119311229512986134151378013335124821142310478
032620211            9887 9504 9307 9266 949910200114781258113203135051367313671
032620212           135061330112805126031267613034132101334912977122381136710526
032720211            9915 9539 9302 9239 9339 9680102581078711071110551082910537
032720212           1031910070 9992101681077111532120951251012295117291102310316
032820211            9758 9407 9231 9162 9236 9492 99271049011334120751269613145
032820212           134681351213452134841367513959138971369313079122531130110458
032920211            9907 9598 9481 9549 992310849122661321913383130651276812526
032920212           123391196611590116111213613041137061421113945131411214811266
033020211           107381047310363104311079211687130801382213496128131223411865
033020212           116051140711239113061182612703133621386513581127731176310847
033120211           10252 9932 9771 97541002310798120611289013147131061295512903
033120212           128741293712848127961309513567137921386313313124691144710581
040120211            9964 9602 9423 9399 965810422117451288313540138301386613842
040120212           136731355613370134221369614101142131437114078134441250811651
040220211           110501072510583106401096111728129321368813864137431347113295
040220212           130711297212918130971346213969142131448314270137341286712021
040320211           113931103210865108391099211393119911239812380120971172111415
040320212           110631069610433104931100811874126261325313252127731207011349
040420211           108111045610316103121041810713111821157111768116451142111236
040420212           1079910257 9901 99471042811175118631253712576119811115210359
040520211            9843 9584 9512 9573 992210757121241307913271130901274612454
040520212           124001218811956120181240713114135541386513550126781163410732
040620211           10129 9802 9651 9692 998710829121731299912957125001202011754
040620212           115191143811323113481184012608131201349113232123841135310447
040720211            9883 9582 9438 9475 981110676119411267112562121981199511929
040720212           118971181211704117341199112582130351340413187123231128410366
040820211            9803 9474 9314 9307 958110370116321238012226118421159411528
040820212           114291130511183112891172812424128701322613072122491122710338
040920211            9726 9377 9232 9235 951710319115531229412226118851156311343
040920212           111741111811073111651159612146124761280212620119171104410202
041020211            9604 9238 9031 8951 9035 9365 98751041010945109651070310413
041020212           102011012110226104911097111580120081232512200115661076610010
041120211            9439 9050 8834 8743 8746 8926 9252 975110373108691107711267
041120212           114401150811551116451205112586128101298312689118941097510167
041220211            9636 9326 9192 9212 952410329115941254212857130151320613257
041220212           131921313713097130671322413611137181385313559127491171710842
041320211           10278 9937 9777 97681007510834120191275312741126041245912255
041320212           120021172411569115801201112663130381329113109122971130910414
041420211            9856 9520 9361 9354 963910401115611230712436120881163911348
041420212           112101122511372115891191312489128581315813012122271123010321
041520211            9763 9431 9289 9293 956710334115061243912893131781340013514
041520212           135181340413263132761353113911139601399313620128151186711003
041620211           1048610130 9968 99811026511007122601338514094144671463414684
041620212           146561458314401142991440314578144561442814112133681243111600
041720211           109231050810318102171030010628111381169412270126331279012799
041720212           123871190811735119031223712674129031310012914123321152810771
041820211           10148 9832 9661 9580 9658 9900102791054810790106651054010564
041820212           105941062110617107261119611810122001258712538118601101510321
041920211            9648 9382 9357 9360 974010466114371206412007117021157511510
041920212           117881182211820118351205112572128501308612878121291119510338
042020211            9740 9350 9252 9299 961610433114901217312178119911182211644
042020212           117071189911861120721235712599128781311613006121921119910319
042120211            9649 9356 9201 9158 946210203111481196112169120351201612375
042120212           125731252912577128191316613584135891349113229124651160210831
042220211           1030310081 9968100341038211192123651311313403134331342513257
042220212           131051295012814127391296113480138491420314156134391240511503
042320211           109221063610409104671075611531125511308313016124821212811942
042320212           117651151111174111311146112012125301287212935123371148410857
042420211           10147 9710 9538 9499 9602 9939103701062510670105361028810046
042420212            9936 9803 98311003410508111731155911876119411140010638 9901
042520211            9355 8996 8801 8735 8793 8982 9317 989310658112791163011886
042520212           119761191111795118301213012542125971263012549118411092510119
042620211            9571 9301 9207 9287 964910509117251245412451121151183411655
042620212           115241137311186112291164912431129641326913339125571153010660
042720211           10090 9806 9704 97361004110797120051289113144130031272712343
042720212           118651156111265112571168912387128061305913101123161125610353
042820211            9735 9392 9221 9200 944910195113401227412593124331205411989
042820212           119451179411868122281263313134133281340313106122521124510347
042920211            9708 9347 9162 9129 936110085112351226512776131121335713513
042920212           135301358013431133681355013858138441372213311124831149210558
043020211            9911 9524 9340 9296 951110241113551220212438126361272112669
043020212           125461233412012118731204412355125901274912768121811133210532
050120211            9949 9579 9397 9352 9470 9804102611078211060108451052610278
050120212           10023 9766 9653 97701029111059116151189312149116781095910208
050220211            9634 9257 9064 8979 9002 9197 9473 9718 9921102051026410350
050220212           1065610649108451106011274119621236512535124891169010859 9885
050320211            9384 9058 8878 8821 9120 9804109341194012080121481217112087
050320212           121751231812620127171269212844130751322713019122231108010195
050420211            9667 9244 9165 9136 932910024113261244913003132141323713255
050420212           130751279512594124731258812996132341333213198123771131310385
050520211            9796 9407 9233 9195 941810281114581244913042133211346813591
050520212           135981355313425133911356613868137881362313338125161149210579
050620211            9912 9570 9393 9409 967210409115841213012178119301174611473
050620212           112161105610960110541159512165125861284513071123651135910369
050720211            9664 9379 9194 9191 949310271113031183011804115201132011382
050720212           115971164511576115091174112152123781250512625120961122510363
050820211            9752 9381 9187 9082 9190 9476 99561052311091113341140211287
050820212           109821086110774108771120111646119241212312176117491101510189
050920211            9576 9283 9163 9043 9073 9227 9571 97661003810081 9869 9810
050920212            9810 9683 97211030310778113601183412103121691158610658 9906
051020211            9342 8993 8883 8987 9229 9998111711227112564125751271312620
051020212           123751223612114121691245812965130401310513100123261125310388
051120211            9632 9333 9221 9188 935910150112941199911938116691141611364
051120212           113911140611486116391193912477128201297013038123131127210333
051220211            9689 9366 9218 9252 954610280113751211412068118171168411527
051220212           115691182711798118381216312622128701295912991123051121110264
051320211            9645 9283 9126 9143 943810169113081191511867116201167412039
051320212           119901181111716117651199412446127661287212951122961123110249
051420211            9644 9276 9083 9091 9305 9966110681173611826116881168411675
051420212           117771201512076120641223412612126481262812692121171118110313
051520211            9576 9183 8928 8843 8895 9110 95681001610324104721044810521
051520212           107031076010712107941119111735120641210812190117171090710073
051620211            9443 8987 8767 8646 8667 8759 8984 9494 9890101951030010460
051620212           1085411041110381117211582121201246512506125431189610899 9985
051720211            9401 8994 8819 8822 9083 9737108801170111929119201197412109
051720212           122971251312596127491315113590136461353813469126981152510487
051820211            9760 9358 9159 9093 9272 9955109821187012162122341229412489
051820212           127471299813066133021370614284144101430114225134531220811084
051920211           10284 9804 9540 9386 961310192113151222712529125271264212749
051920212           128711309913390137231423514677146461439614235134331222011032
052020211           10178 9729 9355 9311 9473 9989110771199412280123131242212520
052020212           126091277013025133681377414231142881406213976132591210410982
052120211           10134 9685 9420 9339 952610074112081214012508125371252512600
052120212           128591307613277137091424114688146641435814163135051248111438
052220211           1056210118 9735 9595 9622 9746100971079811469119271238812784
052220212           131771371314180146361502215417154931532715212146831370912628
052320211           117701111410704104311034210298106171133712198130341372914433
052320212           151001563116024161241636416345160491548315009140511266811392
052420211           10497 9980 9669 9512 965610196112621206312354123491239812525
052420212           125251259212580126691306713599138051362513420127231162010484
052520211            9832 9420 9246 9200 9465 9966111121184012082120701218012358
052520212           124071266812867133061392214516145911439414324136011240511296
052620211           1052910109 9885 97851001710568117821287313504139231443315116
052620212           159191677517386180651862618882185811795817279160631461713251
052720211           123381171911342111501128711817129151392114359144911460914761
052720212           149161506315267156391607816409162461574215299144181299911680
052820211           1072910127 9758 9595 972810199110921190112273121851216812276
052820212           124011236612312125771277913030130461290112704120611120410341
052920211            9715 9334 9104 9014 9069 9279 96961039611208118591224612386
052920212           123391213511996119721208412344124451241012333118931113710339
053020211            9717 9321 9117 9005 9054 9227 95211013310936116541210112368
053020212           124651242112341123401255212782127761258312423118861112210300
053120211            9755 9378 9159 9102 9205 9431 98341035010950115261193112176
053120212           122841211611933119511214212467125441249112471120501108410148
060120211            9523 9203 8954 9014 9305 9983111011196612388125761263712589
060120212           126111254312362125761298113546137751374813680131161198710901
060220211           10151 9733 9354 9327 954310116111391201512367125121273713035
060220212           133951378014066143821475615035149241472214580139371268811558
060320211           1066710231 9924 98081006910541115851263513269135951381713885
060320212           140761435314538146601492515155151201500714905142081310912047
060420211           112731078210489103981058611224123701352314194146441494615175
060420212           152971557815714157031584915898157271539315121145831350212319
060520211           114271080110461101701018510231106961144412409131791391914628
060520212           152571589216600173421802618502184551797517581169431571214409
060620211           132801249411904115111127411175115081226813432145001559016563
060620212           173361793518558192671996320475205262012919607187011707415449
060720211           142921341012874125481259413080144341594817126182161932720297
060720212           211162170322170226322294323164228322220421427202591839916677
060820211           154461458414016137011376314291156141709318266192902029321209
060820212           221172287423224229992257722215215652077820160191041756016028
060920211           149261420813734134571357314132154421678417708183811901319834
060920212           206962142522010225132282522923223322147520615194411755915702
061020211           142961328412606121871208612481134131441314814148811504015175
061020212           152341562515854160321633816612164601585615243145001319811931
061120211           110391045210122 99871014710637116061249512893130871321713335
061120212           133881360813817141091431114359141191386413720132901239511443
061220211           1071610238 9957 9821 983910011104091102911649120001210712131
061220212           121661215012175123081268413280136181352413366130511220911296
061320211           1055010040 9705 9530 9494 9500 97621024810830114291189512402
061320212           128911322013579141121478915435156711540115037144801324512039
061420211           111721061110302101791029710869120011316713955144331468814760
061420212           147551474414643145281467314982149291467814439137961280411762
061520211           109891062710362102661047811102122391334813916141721447414771
061520212           149561531715488157901634216741167171625915747151081380212482
061620211           115321094210559103671040410879119001277413156132031330213425
061620212           135501372113958142761474015164152451490914515139361272811549
061720211           1068910161 9891 9727 980810314113251218112595128001290113083
061720212           132391348013796142431484415414155541522714783141901300611761
061820211           1088010296 9960 9800 992210362113231227612831131511345513765
061820212           140571451415051156021621516619162731572115406149041388212824
061920211           118981134010981107671072410802111961194512768134921423315068
061920212           159731672717297177641804417959176511716116733160221490513698
062020211           126321196211469112061105610992111831191912766136251441615051
062020212           157771626216771174101812318714188771852418055174851614414722
062120211           136181289512427121871230312800140341540516444173591824318970
062120212           196072020920562207392098221089207542012119503185851712515613
062220211           144421366613164129141302313546146531588616817175811820618601
062220212           188061869918004171121667516596162061563615145143941328112095
062320211           112091065410260100871018110583114741228712664127381290812997
062320212           132011347213733139971440214889150551481814428139181280111750
062420211           1082210228 9895 9770 991810392113721225012764130951329113500
062420212           136771392814211144931493615370153991500214563140391297911864
062520211           111021060310312101931037510887118301284113515138961414614327
062520212           143771445514478145811496015299152811499414761143401342112401
062620211           115731104310732106001065110853113461214513030138571458515311
062620212           158551637416771170331725017411173611708116861164571556714502
062720211           135831292312491122381215012134124861324514232152491616117013
062720212           177351835418891195172025320838208582037719897192271778416254
062820211           151281430213801135441365014170154361708718466196772087021959
062820212           229002371124272246052476525053248402428023467224352057818747
062920211           173861637815684152521521915696169661868020130213182244223418
062920212           242682499525536258012570225659252882460423793225992074018914
063020211           175681659315921154931545515864171311880220202213182239323351
063020212           242022498725444255222551525214240702303521944205281890517287
070120211           160321521114649143011428414707157411695917841184131907419502
070120212           199212000519838195211924419134187791835917873169811571814462
070220211           135021283512411121801224412706135631444615083154961570215739
070220212           155941539415070148001465014595143041392313590130441219011285
070320211           1056810126 9820 9667 9660 9800101341071211476120951247612660
070320212           126881263712510124811260912802127771258512456120411136710620
070420211           10005 9574 9316 9181 9182 9231 9456 993710605111571153311718
070420212           117261170111683117601197112312124571240012336120841161210916
070520211           10228 9748 9463 9358 9409 9578 99301041811000114781178912083
070520212           124211261512834131901387014577148121470014615142411333212327
070620211           115751108610785106991090611482125761381714766154281620816968
070620212           176781875719859207272151821357202221914618294174411604914661
070720211           135911289712439121721223212638137181511416226171711821319198
070720212           200502079121467220082241822392216672056419594185561692115382
070820211           140781321412596122461219412525133261430415027155281597016247
070820212           163661640516294161211601816062158181541515098144921351512538
070920211           117531125610975108641104511619126561383314781153161571915957
070920212           159151582915750157871608416629169281666816279158091479713722
071020211           127671212111663113481122811275116251224312914134661376313906
071020212           140471421614336146261492715293154411518414903144981358612563
071120211           116911109010689104521035710315105801118412067127881329113833
071120212           144321492415311156811605416393164041613515897153641428813198
071220211           123501178511522113891155712169132091434815195156631589316015
071220212           161011626716299162761636016587164251607315757151101400812861
071320211           119961145311102109811113811711127401382914559149811531115532
071320212           155971564915644155851565115825157551553415368147921376312674
071420211           118971141011119110061120711819128861406414879153751579516178
071420212           165611709217591181811906919800198351930218716178921649315104
071520211           139771320112633123491238512864139841531016312170411782818687
071520212           194502023320810213032186822148218842119120630197041803416387
071620211           151871433013774134911354314043151221656517860190472014421085
071620212           218872262023022231522310422908221502122820489195511804516532
071720211           153261449813867134661326913246135061426815308162641690917563
071720212           182401889419432197091966719240186771800217544168461579014696
071820211           137711310912636123391223812280125061305913922147631535415849
071820212           162071641416642168801724317595174661701116698160071489613702
071920211           128771225511890117271188212511135801472215470159441629916576
071920212           167431686316792167831686217199172771704416823161861495913701
072020211           127731210711691114631158312108131861440615371160561686917601
072020212           183391912519825204322088421235210712044819876188451724215697
072120211           144371347912848124631243512844137961495115861164671696717549
072120212           180721865418966191791939619652193311857617935169821543513921
072220211           127791199011486112011123011670125861365714307146441501015454
072220212           159551659017085175171781617816175921712716769160731486613546
072320211           125601186611440111841123311649124801356514318147701519115614
072320212           161131657716885170931736217538171781656016026153241418312982
072420211           119951130010843105511046810577109181160512339128791333213765
072420212           141851453114948154751612016630165681600615658151031413213099
072520211           122371165011279110741099911081113561193412724133901391114238
072520212           142761430414392145731508315739160921606916039156041458013524
072620211           126971214911811116571184012436134781478815860167231764518477
072620212           192001993820466208842132021609212702052119760186021690115267
072720211           140361316912601122481223612642135561477715753165601739618269
072720212           191142001720749212882169521785210321971818529173431588214487
072820211           134721274312279120401210512636135581452215110153161549515682
072820212           158241608516331166311708717424172941679916355155871430213027
072920211           121001150011161110081114911747127321381614583150481557116010
072920212           164721698116973168081658916566163131603015776151381418113132
073020211           123471183511481113361144211904127881388614669151461560816020
073020212           163081658016735167861694017031165661585815334145561343812280
073120211           113451067010247 9986 991310026103201088111381116311171111823
073120212           119531216412522129931359314112142591394013775132551236811451
080120211           1070310159 9837 9648 9583 9645 98181030811023116441217912560
080120212           129251328613612141041468515073150471486514789141541317112203
080220211           114541097110684105701076711381123101341614142145701498515246
080220212           154491568315933162491669017231172181670016207153111399812708
080320211           117421110210681104721055611039119521290313515138891427814693
080320212           150461535315478156671598016306163021606515854151061390112724
080420211           118431125310878106811078911334122521318913884143621480315181
080420212           154451567815928159681600516171160431576715517147611368212619
080520211           118171129510988108761103311649126771378714567150031528815313
080520212           152911535215402154271562015898158751570015543148911382512774
080620211           119351136310994108461095611517124561359514457150701577316558
080620212           173001817918740193041979920158198881909918520175221614014808
080720211           136521281312235118661168411765120941282513812147891585316881
080720212           176221819318654191471936919465191381858218214173461616514966
080820211           139671321112707124001223312254124091293913672144701527116020
080820212           165351674417004172441767718159180501773717530166921546914222
080920211           133031267712305121571233112987139731504615789162291663917074
080920212           173711768117829178051791218078178601754417240163671509613884
081020211           129971237211978118011194412562135881466615452159201632416682
081020212           170561749517830181931855818870187761846818249174611628215071
081120211           141741357413175129921315313851149501621717280182391920920141
081120212           211422206222788235182394124252237392310822436211291944317828
081220211           166031570215100147581478615321163471759018689196452075121879
081220212           229222387524545249802515725241244162354322516211031939717812
081320211           165621572615127147411469415167161011754318939201442118422232
081320212           230892389924445247552476524928244302365922862215662003318473
081420211           171571619815509150041474514792151521614317562187691961919966
081420212           203382065420976214242179421984215212048719598182781675415299
081520211           141311328012678122081188311732117401221012824133191374314184
081520212           146471500715386159561674017398173751682316452155071428713098
081620211           121781154311168109831112511697125341349914140144951489815417
081620212           159321648916996174091779118120179941746717078160231469213461
081720211           125361190011526113381145312048129651407314939155841618716823
081720212           174921817118613188551904219250189991856918191171781584314523
081820211           135311287412477122781240513038140491517616153169781774418578
081820212           192671983020191203852053920602202621990819418183471690215551
081920211           145661387413460132851345214156152871654317508182251876119085
081920212           192601952319872201312035420415200881974019329183801710215787
082020211           148141407013585133341340013954148991598516877175731811218524
082020212           188741923319541197731996120160199971968519303183191708715798
082120211           147681401313470131381301513172135371439915548166081753118356
082120212           190341949919820201312042820538202221973519353184131719415966
082220211           149021410313589132681311013162133661386514612152021564915907
082220212           160411602915968159501608116400163851625615953152691438313448
082320211           127531228612037119501221812987141081526516231169341756818060
082320212           184661884819072191841917919152188651850817928169241572414566
082420211           137391317012795125831268413315143731554916449171801811419039
082420212           199022079021500221732285623323230182221521400200001829216694
082520211           154421452713909135421352314036150081622917347182751929520318
082520212           212752221922921234632378623970234002261321696201781841016824
082620211           156131474314150138011380414402154351671117946191392048421772
082620212           228742383024560249862505025128246322410623331218482007918390
082720211           170591609315450150381498015475163901760318830198542088421852
082720212           227742338423567237452373323308224082158020808195791802916524
082820211           152511427213577130771277012758128961328213857142551451114615
082820212           146151455214601145691461614737146341456314302136861291412099
082920211           114301094110631104541040610537108141131112059127021312813415
082920212           134741353613803141481459015078153061548415347146591371012807
083020211           121711172911509114901177212657139791512916032167991750918138
083020212           187381923319613202062098721462211172070320046187371720215740
083120211           146551385113275128981285913380143001520515879164171703717583
083120212           180111848618733187621914619447191191865217989167391529013924
090120211           129451230211869116601178612463136251458015210155901580415927
090120212           159391599115901158471590816128161021593515308143291314912076
090220211           113451086210611105081064211248124161326213678138031391214037
090220212           142171430114438147671522715542153961526314832138581273311667
090320211           108711036610080 99551009810712117011254112960131191331413560
090320212           136601383213938141371447714842147951461614212133961244411500
090420211           1074710255 9943 9767 9758 9970103051084911374117191187812085
090420212           123151251912794132811395614560146341448814087133291245911535
090520211           108541034510024 9858 9826 9957102251070811433122061274913031
090520212           132181327213405135331378614078141321413313795132481257911868
090620211           112741088610616105071056910858112571175112438131281369314178
090620212           147061509715376157851635416750164971619215591144651320512043
090720211           112201064710300101461029310960121131303613524138041408014407
090720212           147821526315627160061653416939168251658215966148251354212385
090820211           115101096710634105011069211461127601378914412148241525715810
090820212           164331703317494178631820118360180931810717585166201538714223
090920211           133141277512405122551240613140144351544016093165631690717042
090920212           170271704916886168301689617100170021680416150152241407812976
091020211           121591157211188110081112211785129561384514242144521463714798
091020212           149581512115062150661522315438151521490714328134911249711487
091120211           1067210146 9838 9660 9656 9878103151083411293115251167511888
091120212           121401238912699130601359714146142171424413835131441234011510
091220211           108371040510119 9973 996410143104451094311629121921263213092
091220212           135821416914856155111613816671167381686816431155181430413233
091320211           124381190511614114901171512521138501470915077151421535215590
091320212           158641623716610170661756817854175111721816283150731368012453
091420211           116071106810718105371065311335125331336613676137461388014171
091420212           145091498015425157841599716149161681626615654146991356012529
091520211           118251138911205111461144212310138171492415623161371662517173
091520212           178571867419337197722003220026195241923618306170221562214226
091620211           132531261512209119691206712703138731473015150152611535815546
091620212           156311571715728158191597716148161701620915627147041359212517
091720211           117031116910856107171091011635129451391714471147601496115066
091720212           151041523315237152651539715525154571539714852141191321012279
091820211           115231103110712105401054310811113321197912730132561351913687
091820212           139691426214586151551576016190160901595415341145901364512702
091920211           119041130110834105161031410358105231085811283115051160011769
091920212           120651229612605130921385714540146181458913957129791193810936
092020211           10233 9777 9533 9482 969410454117271256612819129051298113135
092020212           133481362413902142731477915255152711518114392133761223211187
092120211           1045410008 9769 9671 983610559118111261712851128841304313277
092120212           135461382814077145021500715475156191565914951140271294411962
092220211           113031088910656105911083111634130591406014669151351553115864
092220212           160821628316358164441671717006171041712916463154861429213107
092320211           122971176211439113061152612299136951470915255157581617916544
092320212           167141694517255175281774817906178931783417147161911499713803
092420211           129201232811973118311202012775140881511215765161541631216343
092420212           161641595615822158481613016285161671595015171142451319912202
092520211           114071083710443102201014610338107821129111850120651211412278
092520212           124521266212996134711400314406145151442313839131361233311554
092620211           108861041110095 9906 9838 9962103211075911285116341176511894
092620212           121431237712522127901334913876140421402313352124221141910520
092720211            9898 9508 9305 9256 950510272116311251012906129741322213472
092720212           137121358613619140691460414982152341517114423134751239611413
092820211           107421033710097 99931019410953123391323313704141311437014586
092820212           146171465314492144761465115041151971496514176131851202010992
092920211           10230 9784 9499 9414 960410304116481242412492122951215212164
092920212           123141256512734130051342513857141891417313488125691153910612
093020211            9976 9593 9395 9336 956210304116581254412674125261259712812
093020212           128761288212834128951316913597140281402813385124921144910498
100120211            9874 9507 9308 9281 952410292116651252412596123741216912066
100120212           122361237412362124531277313243135721352412960122431136410479
100220211            9914 9477 9230 9147 9220 9519100911070511271114981145311400
100220212           114751146611590118481235412916132641320712683120321126610511
100320211            9907 9509 9265 9130 9133 9300 97171021710889114251176412031
100320212           121681232112502127371318913755141061396513265124511161910814
100420211           10151 9775 9576 9533 977510519119041294613505138301408114191
100420212           141741410213988139631417514570147021431213585126661163810711
100520211           10067 9678 9494 9441 963610405118611282713203133591342913421
100520212           133901340613378134161363914048144841433213613127351168510745
100620211           10070 9661 9461 9429 966010419118241273913033130091284412711
100620212           126561275712928132241369914248146411450713787128391175110748
100720211           10072 9684 9459 9415 964610385117941268712844128191276612727
100720212           128251303313249135391397214455147601459513936130111193610949
100820211           10251 9790 9565 9490 967810402116881257512894129071284212801
100820212           128131294713057132361362413961142351398613357126121172410857
100920211           10150 9695 9451 9330 9372 9611101651077611376116411178811853
100920212           118001177811736118501218112615130751290012405118021110310336
101020211            9760 9380 9163 9054 9065 9269 97101023410916114201172811957
101020212           121121218012144121781252013031134121318012605119541117010407
101120211            9842 9491 9302 9263 948210062110431187512478127941296213001
101120212           129821307613081132551372314298147731446413721127891172710766
101220211           10083 9661 9430 9382 958910365117371262912841128551281012762
101220212           128131300913220136141422114733150651475513982130131189110905
101320211           10225 9800 9565 9508 970810445118421275312963129831301113024
101320212           130741332113548139081438314795150961480714084131431204711085
101420211           10407 9979 9790 9713 993610624120061290913188132721334613463
101420212           137311403614287144941476614962152181491814318134261233511325
101520211           1063010182 9910 9790 996010658120231286713225133391342913638
101520212           138231402714118142221441114655147951450513862131561227611458
101620211           1076110273 9994 9878 987810146107771143512129125761280712997
101620212           130881303413001132181356413976143791411013542129231209311170
101720211           10388 9842 9496 9299 9229 9342 96781011010556107451078010921
101720212           111051120911317116111218512836134211306012601117931086510028
101820211            9473 9132 8984 8976 926410087115671253312662124711230812370
101820212           124071249912555127471320513899144431408713387124871144910535
101920211            9921 9568 9396 9367 964810486120171299013065126781231312159
101920212           120091206212222125531314813876144511412313421125181146710524
102020211            9906 9523 9351 9324 958310420118861281012847126021236612199
102020212           121821229512576130131348214076145621419213463125801153110601
102120211            9950 9568 9374 9323 956010308117541270412938129241282612814
102120212           128051292813075133971382214235146001425813553126981169410746
102220211           10094 9700 9493 9449 966910472118771283113145130981298912955
102220212           129121296612977130631334213739139981358212959122471137110510
102320211            9849 9403 9142 9050 9120 9432100671075311305114611144911213
102320212           108781065510767110981184012566130381273012246116761097410268
102420211            9700 9329 9139 9070 9147 9399 99261053210960109021069510525
102420212           104661050310726112461211212989136701339012790119441101210169
102520211            9615 9283 9131 9152 944510296118191301013581139431416014226
102520212           141641409813961139441421614769148941439313615126661162810737
102620211           10117 9767 9581 9562 980110586120591320713752141001430914429
102620212           144091434914208142261447114923149541439913596127121167610764
102720211           10126 9752 9511 9412 956010191114361237112753129891316913207
102720212           131341312213020129961333113920142001381613179123691135610470
102820211            9858 9529 9349 9347 963310443119051291713180131051287912665
102820212           125061249112433125861309113878144111413113636128661187910978
102920211           1037110010 9848 98531012810941124381349613695135521337213171
102920212           129601284212712128621330013985142671386613316126351177910910
103020211           10260 9885 9644 9552 9620 9906105641127212043126791307713219
103020212           132501323613151131151335813757137601326512715120741133910605
103120211           10059 9651 9393 9295 9291 9476 99051046611079114271148911496
103120212           116181179411864121271255912892129401266712387117881097310173
110120211            9643 9297 9158 9153 944010284118201287913011127201237312178
110120212           120491202912075124181312914049146331418613499126651167310801
110220211           10212 9864 9706 9707 999910844123111338413565132711299812822
110220212           128851312913173132601365514535149121445013750128771183110924
110320211           10319 9987 9828 98701020911144127651388213935134321300512667
110320212           125691263912654129401360514548151031473514158133411232711397
110420211           108451052210389104351076911732133571449814567140461345413063
110420212           128291270912856133301391614817152911491614338134891243211534
110520211           109791066110531105291084411794133681445114509139491331912837
110520212           124591235912442127561344014275147141437613911133041246711687
110620211           111351078210607105721071511150118751268213117127991223711729
110620212           113611114111163115581239813357138631357113184126581199711314
110720211           107961036310232102731045610882115291208312112118101141411230
110720212           112481140611830125011361414456141991371713093122791145210722
110820211           1029010052 9952100261046511506131301379413446129601262212389
110820212           123351247912794133471420415065147541421413528126201164610812
110920211           1032110047 9937100051036711364128891347313155127331244712341
110920212           123621259112876133061408714829145201394413238123161128710434
111020211            9906 9560 9408 9420 972810604121061304613269130161266812495
111020212           123211239112646131741397914714144631395213329125611167410855
111120211           1034810053 9943 99811032011181124301314413010126071231912248
111120212           122331257312953133791427714977146661410913440125751162210732
111220211           10138 9778 9622 9607 985410659120771308313640139901427014421
111220212           144371440414251141301448414786142891362412977122671144110683
111320211           10083 9747 9594 9576 973610175108901145411662115701136511181
111320212           112031136211825124611328213705134261301412603120781139610781
111420211           1029710008 9846 9810 991210247107501120911345112841135211664
111420212           120271227412526128881390914630143481385213178123481142410660
111520211           10137 9856 9766 98101018111184127741360413543132891330013448
111520212           135441361413746140771500315678154341495414287133641234011483
111620211           108991059510475105231088611861134471417513964135401323813035
111620212           131401344113703141901512815834156191519914517136551262311761
111720211           112141092910842109181130812297139201460014268139541391813878
111720212           138661392013951143191517815757154301488114134132201213511191
111820211           105761018310024100021033911201126541338613318130061277112675
111820212           126561285913126134741424014906146101408213433126151159310695
111920211           10068 9742 9631 9672 998210873123811324013292130831312013175
111920212           131571320113411139281482615402151151466514135134211261011781
112020211           112131090210764107621094211417121501278212836125101216411915
112020212           118261197312371130501407914749145061409013559129661218911470
112120211           108731050210318102171027310546110291164012244123961230612207
112120212           120791213312406129761414414751144501389813267124081146510648
112220211           10065 9729 9573 9567 988610772122751331713742138841386613897
112220212           139121391113947142151501915674154511498714390135941262211704
112320211           111631088710780108491126912243138061467114577142061388813675
112320212           135631376314145148731591416581164441612815599148061375812852
112420211           122581190211737117681210012979143131512615039145581421413958
112420212           137551389614248148101574816248159701554915001142521326012313
112520211           116531123511024109711110011528121541282113305135641371913903
112520212           136811324812982127421295212982127241253512320119461131410675
112620211           10195 9878 9729 9717 992810434112101187812579131941354713733
112620212           136901361513716140151468714999147161432813888132831253211811
112720211           112401089610731106981082311190118231248712992131631309413005
112720212           129581295513235138321490215571154001503214639140481326012500
112820211           119181156811401113141137711657121371271713280136061387614022
112820212           143201448414671149501580816233159501543514772138651283111956
112920211           114331113411017110901149112454140481502215269151571490014710
112920212           145201450714711153191636817031168501645015844149471381712887
113020211           122911198311865119401233513303149141577415663152851502614886
113020212           148751512315231155611652417039167931636715647146771352012484
120120211           118181142711264112841164412636141991503514931146051453714350
120120212           141331416214216147311584816672165051606315403144621332512262
120220211           116141121511040110191131812218136771464214987148741455814250
120220212           142161441414480146861542415904156131510314461135941250311507
120320211           108701054710405104601082411765133061429514473142161396913661
120320212           134761357513947146311576016382161611576815277146131374412821
120420211           121771179711605115651173812171128841361614047141211386713639
120420212           135731355613709141881524215823156091516214658140031313312330
120520211           117101133911123110561112711424119461249412894129191285012769
120520212           127081280613159138771528916094159141546114843139401279011789
120620211           111211073010533105231083511750132741430914709148781488614805
120620212           146571460814471146651560616164158501523714471135101236611421
120720211           107621047610406104881088611906135481450814434140171381613872
120720212           139831414214336149681620016959168241636115740148181363612632
120820211           119771160811437114571178412730142811536115684157741585615935
120820212           159801605816024162511715517648174031692416209152971409113042
120920211           124121204311896119121226813259148711586916043158041546115287
120920212           152581550415666160511703817570173121689216256153421417913145
121020211           124731209411912118941218813021145331557216038162211621615937
121020212           155741534015171153721624416715163671596115368146381367712664
121120211           118961144211163110471114011477121431296013810144811485115050
121120212           149261468914512145371508215323148881431913762130651216811265
121220211           1052210083 9902 98741000710354109461162612261124671225512116
121220212           121571232512775135751492615816157211533314835140311294111966
121320211           113221097310836109021126712194137411474015062151261503614754
121320212           140121367813897144921567216611164051593815251142841313112034
121420211           113311096110809108421120412182137361466414561140401363513345
121420212           131821330913705143631557616546164671610815573147161352512509
121520211           118561151611403114861187812848144481540815442150841467614336
121520212           142991444814658152021632116896165851607115414143961317712086
121620211           112981078910550104841069611524130081411214357143731436314183
121620212           139051369013771141611517915801155451509114565136501247011439
121720211           106661024010014 99841024311066125361344413479131131276412550
121720212           124481264713031136061466715341150881471614233136071272511833
121820211           111411074410538104761060111037117311256313389139171422714404
121820212           145521468414820151251588216222159131539114854141631324312329
121920211           116121115810890108081090911222117931248713300138711410314428
121920212           143521431914432149391613517003169041656716071152571420313248
122020211           126541233712254123471277713743153411638516479161401573015424
122020212           151821518515402159411711517970178031744416792158301458813460
122120211           127431233112159121601246613373148551580715833154691507714760
122120212           146251467214851153201648317304171731680316193153291412813013
122220211           122521181511564115261176612599139441501615539158311580915603
122220212           151951502115080154191641817168169971662516080152661417913119
122320211           124031205111906119801228913144144821549015688153531494814682
122320212           146201499715416158201697117594174341712416661159421490613858
122420211           130761257912339122811247513000137381456315430160781635716424
122420212           163301618316106162391679216910162531564615207146861397113194
122520211           124451196711688115821160111828123191304713887145211482015100
122520212           152091499314627145151490115032147731441614090135901289212172
122620211           115451115310976109051095811196116721227612895132531350813821
122620212           139491388213899142471526415959157871539814847141591327912462
122720211           118451151711392114531179112513135631436014889153861584415935
122720212           157531564315598158601674117329169931640015746148891381712855
122820211           121421173211557115641181912461135041441515023152701516914783
122820212           144911452814809151101600916665163261576815092142601319112251
122920211           115631117510994110071127711975130261394314526148071498815070
122920212           150461509515131152931608216602162391566815017141601315212182
123020211           114771105410838108041104911711127361363114264147051493014948
123020212           148721482614787149371564416169157911521314627138591285211891
123120211           111771072810474104141056711040117491239312960134001363213760
123120212           138661393514046143301512115482149801430113661130431228611621
