010120221           109831051010161 9970 997310144105121095611521122441290113300
010120222           134321340113302133661403914516142221373013201125991184811065
010220221           10417 9991 9754 9667 9734 9971104081098311699123991292613374
010220222           136561371513719139031479215450152741488314344136451278111993
010320221           114781119511130112451163712558139871506815635160251635116576
010320222           166621669216643168041752818096177991732916660157621472013812
010420221           132741298212908129901336414270157521673816767162461576515405
010420222           151841519115415159931707218035178331731716624156991458513587
010520221           129161254112376123671264213435147351562315925159951602416098
010520222           160451590815714157611636016858164701582215073141541309512166
010620221           115361118611046111091143312341137731474914931147111454114627
010620222           146801464114681151561613517037168521637515732148811387912965
010720221           122841189211748118111216112881138741481215515160911642016556
010720222           165611649416306162401677717578172581669916081153691453713705
010820221           131411279812659126781286513300140181474315450158351591915828
010820222           155821531715191153961623017236171651673216220155851478113970
010920221           133251288612642125131248912663130451349514172148431528815552
010920222           155951552815484156171623616751164101575615064141401311612258
011020221           117221147311425115791204413076146621577515941157841567515647
011020222           156591573515872163621729618333182111772717069161821511314243
011120221           136901342813365134971390814885164271755617854177261744517255
011120222           171041712117286178401880719756196641924518536176191647515568
011220221           149941465014462144351470615525169041780617833175271711616805
011220222           164741639016356165891730818079178271723316474155521438713456
011320221           128161249212343123741267113552150051600216304161271571215290
011320222           149161479514884152571609017030168581637515698148181377112823
011420221           121811182111646116501192812741141291518715621157441568015590
011420222           154871541115357156181636917255171751685416479159321523914576
011520221           141121389713848139281417314664154491622816691166821646116343
011520222           162871637016604173251840219241191061866018159174841666815911
011620221           152691489614714146811476515043155681612216407162171585915572
011620222           153501537215677163601733318133178901722616602157681479813899
011720221           132281282212640126011282313360140901477715398159241607015892
011720222           157721577515831160721668417353170091635915678147431370612835
011820221           123041205812009121461257013538151101611716319161531580315512
011820222           154141543715558161661725718394183081779917195162891524314359
011920221           137831350113379134151370114567160081693117102169391659316009
011920222           156771542815380156401639317284170981653115802148231374012782
012020221           121251177111609116041192512780142061529715870162151635616158
012020222           158001545715302157441665817774177131732416783160371506314277
012120221           137931358913568136721409515036165981764517893176281721916823
012120222           164271621016297167981773418706185681814017613169041600115181
012220221           145741425214112141041426314670153841613316648165841632315869
012220222           154391517915245157961672417697176261716416677160131525514497
012320221           138821353413317132421331213580140851457715145154851530714818
012320222           145421449814774153171625217234170681662815988150611410313267
012420221           127051242912362124521286313895154481651116726164631602615584
012420222           152031506315208158381683117999178931728916544155861450813628
012520221           129651257012395124061267813510149391594116305163461604515699
012520222           153031515615206154911623917362173681691916333154931447313614
012620221           131251290612846129341335814360159761699116817162191571215436
012620222           152681531415580163181745818714187831841117853170331598415109
012720221           146351438514330144311484515820174011836818193175141687016422
012720222           161021595816060166041756118680186711821517573166741549414506
012820221           137311336513140130821335014182155981658516845167931661116347
012820222           161971611315968160561663817453173221687416297155511463413843
012920221           131901283112649126481281513213138091451915415162841697917439
012920222           176481759117437173951775018479183861781117177164671568214938
013020221           144041408213931138731399914317148601545615899160451602615990
013020222           159301575015785161841708318292183971797517396165841560514762
013120221           142501400313953141001453815539171011812318190177661728516865
013120222           165291627216100163961718618430185591811817510166551559814753
020120221           142431400513935140281439315367169341784417783173371704816800
020120222           165771638816380166421716918010179271747416723157471458913632
020220221           129771262612446124441274613621150791600016188160541581115445
020220222           151951500614885151081573816755167151621115561146861357612637
020320221           120331166011482114831178412655141201509515383154371536215249
020320222           152101525315191152881572316469163441580515147143031330912431
020420221           118081141111261112721156712321135211462015491160701645916762
020420222           169021690216778167571707917698174551685016166154291456513725
020520221           131561280812641126061276413199139391471815454157851577215547
020520222           153071510115108154101618617327174891710916660161001537514663
020620221           141661386013725136941383914154147131529615663157091556515325
020620222           150621487314861153051617617350175311711916534156921468013824
020720221           133021302012907129771332114258157361672217116171531697316640
020720222           164211635916215163001673817516173491674515975149841384412906
020820221           123271195911788117741208312943144001533315558153481523315133
020820222           149311489114973152331577316756168261636415734149021385612968
020920221           124091215012069121331252513484150411580615396146481406113664
020920222           133731330913449140161501316285165341614015567147631376412880
021020221           122891200311896119671228613159146521545615414149961420213892
021020222           138861407313975142311488515940161291568115137143661341212521
021120221           119581167911579116571198812916144271521214788139751340213131
021120222           128111267712810132991414515190153041486514328136931283511980
021220221           113441095610716106201068911038116471220312685126671235212080
021220222           118801180411890122811299414088143191399513594130751243211791
021320221           112911099510834108241097711359120161276713658143311466314863
021320222           149931503115095153691595116802166261589315284147331404713238
021420221           126731239812320124341285913800153381639616826168131667016491
021420222           162711611616020163011708318202185001815717562167021567314804
021520221           142821401113926139821439015365169461777817633172021677016458
021520222           161151590215823160651679417935182421788417311164311534714498
021620221           139771372213632136981409115057165621733817064164651589515420
021620222           150551501115181155391614917034170771648615747147921362112599
021720221           119301153511308112691152312348137411444714316140861386013713
021720222           135591370613867140241442915276153681485914206133561231911413
021820221           108171047110237102301046511220125241348313849137491330112916
021820222           127101280612975134751444915639160161570615268147031391913197
021920221           126891242412326123591256413009136961410714105140391399714211
021920222           146431494714851149451524816025163741606515632150711442713779
022020221           133161304712921129101302113345138501421214246139831384913898
022020222           137471343613373138571480916012164471605215482147381385413039
022120221           124541210011932119291218012841137761429714223138061334212983
022120222           127181260412674130281386515031154731502414466137031279712021
022220221           115231128311208113201168312581138311459314793146941459514790
022220222           149351501015086152031556316132159891538114604136491258711607
022320221           109431051010293102271048911266125051334713647135321323812972
022320222           127871260812448127641341314509150511479514375137691296312229
022420221           118011159411534116731210813044144421531615558154391536415215
022420222           152111536115381153811571316650169891659116007152251433413449
022520221           128181243712278123161265713332143241517616025165781694317080
022520222           170461683916554163721659417261173681680816174154571458213814
022620221           132711295912843128541306313512141711484015301154011525414915
022620222           145061408913871140131457115574160961577315308147461407913375
022720221           128501254512408123921250312811132661361613799138251378613645
022720222           134791329813301136791444915545160811575415205145051366412940
022820221           124861227012225123791285613868154111611315970156021531715071
022820222           148151466114634150251585917105176481728016692158421482814010
030120221           135121324613143132161358114490159261652316417162681628316226
030120222           160461587415713158571622316809169321650515853148901377012771
030220221           121071170511536115531191812853142781484914616142411394913605
030220222           132531306213102134391431415524161751586315334145411350212619
030320221           120581168211552115611188212759141811484314607142761404013802
030320222           134721333313434139311484716081167091654416173154771453113758
030420221           132551301712931130281343314443158181616815637150751466114254
030420222           139031373013749141451498816048165031618515739151111430313556
030520221           130191273412593126071280513244138061406914041136481337413012
030520222           126711252412677130681372314668151881480714306137001290912194
030620221           115951122911015108901094811190116241212312774133831370613790
030620222           130741223811949121921296913936144791407213425126101165210836
030720221           10257 9942 9823 98721021611122125681325313342136001370413525
030720222           134961373113871139651440415051151391456113834129321194111083
030820221           105741034410285104021081611799132331378013476130301269612412
030820222           122421217312288128111381915069157821547814934141311314212297
030920221           117761146511352113711173112646140441490915172151381521215364
030920222           154181552015635157471604816538167061628515561145751347012569
031020221           119771169911593116651205913009144131508114947143881373613129
031020222           126151249912451127791364414714153611508914560137721282812039
031120221           115321127711206113061170212635139151419113665131301279312412
031120222           121091204912131124831317814084146381432713850131941239711583
031220221           109851062210407103411044610797113721210612883135151409814530
031220222           147271467714593145841497215637159261556615129145521386713188
031320221           127241259012455124001246712709131381355713836138231359113316
031320222           130041272312545125871312114208151281571915416147061371812838
031420221           122401190911749117831211212982144411539615309145441377513171
031420222           126771239012143121971268413665144541494514528137231274411763
031520221           111541080810633106461093111761132611417714119135061295212488
031520222           121401198011975122721274913449140061437113908131041212811213
031620221           106391030210170102181054311422129401394814069136911310212443
031620222           117901144911335115351210712977136891419713842131011211811254
031720221           106441032410182102031051311334128171378313973138581363013436
031720222           134151350113447134501368714056142321426413775129681196311063
031820221           1042510047 9830 98011005210813121771305913085126231208911720
031820222           114881147211564117751214412609129171318912789121571136610539
031920221            9930 9581 9353 9279 9326 9665102871097911870125651293213042
031920222           129781286212724125731262312879131261314912727121421143610724
032020221           10232 9710 9476 9412 9452 9693101371061211080113241129411357
032020222           116041161411624117191208912635130461337613022123001139610601
032120221           10071 9772 9667 97261008911030125591339313099125401206511953
032120222           119771182011593117001222213098137611422413842130171201111137
032220221           105411023510127101911057711529130841388513508128151226811907
032220222           116471148111365115651229513413141421458614262134761246911592
032320221           110371075410634106961106812055135961435013901131831264212506
032320222           122831214212045124691315113918143581464514225133861236311448
032420221           108851056810443104541079711691132121433214801150021508314971
032420222           148261472314566145071469115004150681502514458135701253111618
032520221           110201066810487104831074811541129941392714050137561318612535
032520222           121021198711743120761255613008132721352213184125651177910946
032620221           10332 9957 9753 9707 982510199108491140111619115711132111243
032620222           114841178811731118071213212576129251314612853123111163210976
032720221           1040310070 9888 9825 993110241107511117611367113841143911619
032720222           116891167811793120021257113316138141421813927132461239111679
032820221           112281102510989111161154812582142001517715191147911436614048
032820222           138501380013803140121457615488161101650716173153851434713444
032920221           128511256512486125261282713690152631595915628150221449513808
032920222           136061318412853129631351514520153191586115589147501367612745
033020221           121821189411765118201216613141146211520414668139591348413004
033020222           127451270412616127951318814132146171488614497136621259611648
033120221           110731072110557105481082111684131801413714337142481411914022
033120222           139011382513749137061390114231143101429013809129151188010934
040120221           10313 9898 9677 9631 989110652120411298913308131291285512964
040120222           129421267712522124751254912996132741365413470128991213811380
040220221           108241049010328102881041810831114851202712040116571121310855
040220222           105251020010021101641069211652124121300212936124451176711103
040320221           106061028410129101151022710517109811142611727117011162811512
040320222           114921163311939123301285313419136971388513502127261180810969
040420221           104741016510055101211050211448129961376613450128381239412004
040420222           117171143611213113061193012901135351397213744129431191011008
040520221           104551015010072101451055711483129571352612958123051187911718
040520222           115601138611258114121188612636132611373513497126981164910748
040620221           10221 9905 9770 97961011010962124501341013674137131370413664
040620222           134991346513424133811354913903140471419013900130741197111090
040720221           104941020110051100721038111229126431353613732136751365413610
040720222           135071348513549135491385414290143651443814077132341216611252
040820221           106931034210157101471039911168125261341513628135171329912800
040820222           124021214011880118441202312432127681309912999123881159410794
040920221           10241 9909 9705 9632 974210081106631129511813119781211911950
040920222           117971170011707115401168412043124051274912704121921148010775
041020221           10262 9942 9794 9746 984310125105191088411084110131098411113
041020222           112631117811247115021193112624131191350113311125871164710842
041120221           1034910062 9967100451043211364127481327412833122011169411384
041120222           111541099810934111571168112465130351349913358125261148510596
041220221            9994 9633 9472 9474 977710607119861296013376135831363313249
041220222           123531155011309113161176512525130591341713280124421136610476
041320221            9874 9556 9424 9437 975610601119031251012360120191175711705
041320222           117391186111710117971220912783131281339313226124071135810415
041420221            9791 9400 9194 9168 943410215115201237812621126211249812342
041420222           121391202112006122111271013385136331363113243124651144710551
041520221            9916 9530 9315 9270 952210226112481183411610112151091210709
041520222           105801047910434105711110611808121921246012423118341105210278
041620221            9648 9271 9047 8980 9067 9348 98081040011033114991158811322
041620222           110311076910870111461158012131124201252312260116941098410294
041720221            9729 9368 9178 9125 9217 9489 98981028210496106481093411285
041720222           113071092310531104091057311073116681229612552120731132810629
041820221           10164 9901 9832 99081027011101121471257612259117491139011156
041820222           109311089210955114041208312809133061365313406126371165910855
041920221           1029810008 9896 99661029111007121591309113488134421330313042
041920222           128651278612457124571285713277135811382913741130031203311159
042020221           106021026710109101351044111266123521291712875126271230511926
042020222           114751123811030111021155112345129491334813375127111178110923
042120221           104111013710026100761041711269123161272112469120521172011541
042120222           113651154011705119371254613156134171354113325125491156210678
042220221           10103 9768 9598 9588 986010595116171223612139118111156211315
042220222           110501095210814108141122911876123401261812655120701126610514
042320221            9911 9566 9415 9359 9507 98771032110587106251041010167 9897
042320222            9716 9703 9984103441096711662119581219312132115671084310153
042420221            9607 9264 9072 9011 9079 9305 96481014010461105451054910560
042420222           105251035010370105321106411807122721258712610119121097910174
042520221            9664 9365 9256 9324 965810543118141251312500120771161311427
042520222           113191144011382112901159112295128301321313176123501131310400
042620221            9836 9484 9322 9316 961010420117321271213049131881324213247
042620222           132091319013180132691354313881139131381313384125131144210524
042720221            9956 9579 9382 9368 965210435117301242512360121981217612304
042720222           121621205312034120241239012918132461355813599128821188111000
042820221           1043510123 9988100351037011253125291310912966125851227511938
042820222           116071145711394114771179312488130541349613658129791195911062
042920221           104781015110036100811043911256124101282712488119791160211373
042920222           111661107610967110831156712189126151290213026124721163210822
043020221           10266 9929 9778 9738 989510234106961098211004106511026510104
043020222            9913 9722 9601 97441026611054116221195512164116941100110300
050120221            9765 9450 9303 9277 9383 9618 9887 9985 9939 9783 9610 9452
050120222            9351 9263 9301 961110346113051196712333124281172910763 9905
050220221            9373 9086 8981 9028 934010170114101225212515126721278812806
050220222           128771300012909129001318213649137741368313393125361146610583
050320221            9945 9603 9450 9442 972010536118651280813084130561292112743
050320222           124621233412139121011241512934132181338713335125341146610528
050420221            9928 9562 9385 9363 961610410117471276213265135931375913764
050420222           136481345513245132311341613709137291364313473126461158410629
050520221           10019 9647 9477 9469 975010544116231217411876114631119311017
050520222           108921094811042112821175512365127351299213111124041135010401
050620221            9791 9388 9199 9169 943710142113201209012254120661189811953
050620222           120331202512041121171231112581126411269612680120721122010385
050720221            9768 9366 9166 9079 9196 9507100121060211084112731130311240
050720222           110291079810753108371122411831121791238912504120211127310496
050820221            9951 9559 9365 9295 9375 9559 982110131102521018910016 9888
050820222            9725 9544 9551 97541034111134117631220212491119731107810277
050920221            9741 9486 9387 9455 983110699119161234912000115431128311146
050920222           110151092310795109101141112225128201309113222124651142910477
051020221            9846 9531 9388 9409 972710521116841210311769113311108310999
051020222           109621085310771109431149312163127311298613086124151133410343
051120221            9768 9433 9278 9273 958110341115561216412001117181150311276
051120222           111621124111344116291209712719131031322413270125551148010461
051220221            9793 9395 9189 9165 941610093112751206012188121141198311933
051220222           119211212312299125331301013554138721390313937132071206810996
051320221           10265 9798 9552 9488 970210301114291233212724127911273812735
051320222           129081307413264136811427914786149241479814685140691304812012
051420221           111751061410235100311005510192105801119611768122311260613004
051420222           133811376514186145991504615246151011491114848142211324912259
051520221           114471090410517102691017210222104171085711482120011237412659
051520222           129071305013216136441431214969151841505014841140041281311689
051620221           108991038610096 99811021210857120131292913310134811372214119
051620222           146671507015173153961581916115158811544915098141191287511726
051720221           1090610365 9947 9766 989710427115521224012263121401222312506
051720222           129661311212997131091341213808139491382813719129201177210743
051820221            9998 9590 9342 9267 951010108112451186811734114571131711291
051820222           113151144711698120581262013335135371352213512127411162610648
051920221            9983 9553 9362 9323 954510192114101243612962132921346913562
051920222           135861349713308132731337913614135381343113312126101158410595
052020221            9955 9547 9333 9281 952110170113001217812527125071225212027
052020222           119471212112189123571276413298134491345713466129051201911094
052120221           10395 9932 9690 9566 9625 9839103331106611796121841223512182
052120222           122761283613669146421559016267163831603115734150031393912822
052220221           119391131110884105851045410392106121128812174131241417315188
052220222           159741637116911176281841418939188851840917877166591505313635
052320221           125951187911370110341100411372122011279612875127421266212701
052320222           127651292713115135361412714601146291441314277134891226611135
052420221           10355 9886 9602 9494 968510272113111199812092118731176011682
052420222           116451175911970124211292513435136351357013492128181168610628
052520221            9948 9528 9302 9257 949510104112021187611923117731169611730
052520222           118051204812225125581306613666138821376913704129841183610746
052620221           10038 9588 9352 9301 951510101112301204512240121461205912020
052620222           119621209312243124851307013627137931377413812132261218211170
052720221           1048710058 9824 97681000310661118591294813509138751416114340
052720222           143711458214805152481582116066158051543515199144711340912367
052820221           115491099310616104371042010526108841147912254127991314413395
052820222           135381372713853137701374813849138741371513630131841230311348
052920221           10603 9993 9613 9414 9359 9323 9580 996110384106691089211226
052920222           114191157211874123341302713725140461383513618131541229911332
053020221           1059210026 9683 9504 9506 9570 99131047811061116301222612787
053020222           133771398214594154361649017371175921728517000161861478113494
053120221           125621192811555114261157812190134521459615290155541571015882
053120222           160031614516308166021700817197168431614515506144351301611752
060120221           110301045910145100281019710769118641276313083131761322713394
060120222           134751370013756135341363813846138711373413571128811179610807
060220221           10151 9796 9590 9550 977310429116791266613081132081324613297
060220222           135121385613887139971425114420142991413114050134481236411311
060320221           1057210099 9833 9731 991610521116571268213239134091342513333
060320222           132891329713340135411385114280143421411213913133461236711397
060420221           1061510069 9692 9526 9552 9706101081066911222114481145311437
060420222           115791181512081125081308113675139521377013517130101209511120
060520221           10271 9732 9400 9200 9144 9129 9333 966310012102571043010586
060520222           107781100211305117561253713418138871384313629130621196010835
060620221           10081 9613 9381 9329 956210152113071215112423125491269212928
060620222           132291372214169146521523915719156701537215077143551306711830
060720221           109761040310069 99161006810615117901271113051131431335113704
060720222           140651453714897151401539715799157281540915216145551335312205
060820221           114011088510596105111073811417126561374314259144581460814670
060820222           147491498715282157801643916995170461660516157153661399612703
060920221           117651111110721106041075211401126701378514447148081497515212
060920222           154921582915941162711658116820166221618615567148641359112349
061020221           113451070110300101031021610681118261268313012131591336813674
061020222           138851412814318145641508215448152921487114586140841307111983
061120221           111121049810100 9883 9856 9960102801076111301116281185412227
061120222           126311287713076132311346913907141241397813822134401256911625
061220221           1084210283 9907 9705 9647 9604 98551031110949115741209412494
061220222           128591301413246135001412814629148031471814619141271310312099
061320221           114051092410681106231088511567127721376314350147691525215648
061320222           160421644516806172561787518483186391808717335162831466313252
061420221           121711135110861106141066811104122121304313422135501373314046
061420222           143661495415511162431695017440174981711416496157091430112954
061520221           119501124310843106171071311198123931329813661138461403914322
061520222           146051494015354159041647416849166741617015768150891381212523
061620221           116061096910610104541059911075122141320013698139581436114400
061620222           144031449114479145811475115017150691487614745142021322512214
061720221           114951101010742106731088511519126271382114651150441544115875
061720222           165401728317194171401748917783175881706616392156971444613120
061820221           121161143410981107001062510631109601143211879119811194811917
061820222           119801204212117122821248712667126341246712403120031124810455
061920221            9845 9443 9197 9070 9068 9131 9360 971010076102251032710587
061920222           107381075310825110271149211974122161225312273119741116410328
062020221            9694 9313 9141 9095 9314 9785106401134211693118011192612052
062020222           121371233912585130401372014472147131454014206136151244611328
062120221           10525 9979 9680 9558 973610217112111208312542127731306713386
062120222           136331369113785141761460015049150361471714386137971269511604
062220221           108761037910121100291022610769118571285913374136291381313947
062220222           139731396313924139561419514509145451429114068135621254111504
062320221           107561029110028 99501015710686116761255113113133471363413928
062320222           142011443114593147611507615537154351503314707141631303911935
062420221           111091055110215100861023710690116411257713093133411382114365
062420222           146331504215422158841631216765168481651316029154851439313225
062520221           122631156111067107571066010682111611189912731134801418814820
062520222           154421598316564172651802118617187771835317648169341571014376
062620221           132981250011932115581134811223115341225813292143891542316374
062620222           171601778618337188841945219972199351932518624177811624914754
062720221           136211284312400122051236312911140291520916058165691687017106
062720222           171621714416998168351692417198170531667916210155691427712959
062820221           119401121310760105271058111031119921295013411136081390414352
062820222           146701507615361156801627816895171141677516152154241409712790
062920221           118431114310733105341063211064120801304413645140371453814991
062920222           153641584716344169121754318052179521737216842161021473413427
063020221           124521172411257109881104011427124641343713929141261436814747
063020222           151571562816071163861716417801178751736816783160991481813542
070120221           124851178511352111361121711623126091373514629154701639417399
070120222           183281916519806204152085121107208442036519703189161758616255
070220221           151091429613724132991308212976131611374014450152321585516258
070220222           167471685017200178631866519008186411798617146164631557514414
070320221           133841259812056116711144711323114391187212511130731339813560
070320222           137821413814578152201604216792169801642415643149831406113011
070420221           120211126110769104441035610357106591118111769122781277413357
070420222           139631435414660151881586116555167061627115684150051402612959
070520221           120571136910939107171083211287122401326614099147091537415978
070520222           164081661316564165341645516577164701615815815151901411213049
070620221           122781180711536114841171512293134191471315750163421676317088
070620222           172701754117711179381819818567185061805717306164741504013612
070720221           125321180311321110411107611461124261343314031144151481915410
070720222           159361640816705170661746717853177371715916564158771460013334
070820221           123231164011221110021108511481124051342414113146171519315763
070820222           163581715217695181011848818762185391804717593169591580214577
070920221           135251272012134117271150111400117011227712825132481357713856
070920222           140921429714650152131594216578167351621415517148641380612694
071020221           1174211051105691026210096 9974101431054711031114161176012123
071020222           124821286813389141081503915910162201588815421148711372012569
071120221           116531105810671105001067511177122171334013997144431495615558
071120222           161721691317458179491853419086190861848717692168011537713988
071220221           129451225311818115941169612189133141451615239158401645517178
071220222           180001889019630201902068021090206712004419373184071691915507
071320221           143751361013078127391275513151142141537716129166761730918018
071320222           186901938419921203372054420831207402036519572186021699415404
071420221           142131343312907125911257413042139911501115782164191710217770
071420222           183401879819310198142010820284200891950018789178681631314764
071520221           135371267312102117381171112048129771397814608150081540715836
071520222           162451680417378179721843618787186101801217284165251526213987
071620221           129111216511641112961116111197115331218513076138551450415068
071620222           154951581416054163851674517091170541671616475160681513914110
071720221           132201257112090117831166711630118541248213386142781525916273
071720222           172511779718194186481930419865199241943218938181881677515356
071820221           142921358713150129521311213703148181610017113180011877619288
071820222           194741966019601194511921619338192181888818610179161672815511
071920221           145731394813539133211339213902150131630617160177871849319253
071920222           200452093521636223332284523078229592251421753206161887017194
072020221           158851493514301139371392914352155241707018319193952045921386
072020222           222342304223638240552422524644245622406023345221922033418586
072120221           172521622215526150921501515401164811791219110201882122522287
072120222           231322388524348241582364923606235362314422433214061977118175
072220221           168611589515175147091458714908158691721518380192612002920796
072220222           214962225222810232482349623735234182263421735206971911317528
072320221           162331524314573141221388113843142421524216448176231870819639
072320222           203732094421442220732272123183231742241621466204721900317504
072420221           162121528314650141561387313753140291497016253176911898220090
072420222           209072152822064227602342923940239462337122783218242013718539
072520221           173831661516139158831597216522176331902720108209312163122002
072520222           221722217621872216832207322518223612170820821197581811416473
072620221           151511418113484130421297613342141401514015704161231663717202
072620222           176781796318128183681854118817188391835117699167841535913969
072720221           129251220111728114681152911990129231398914623149981552016139
072720222           167811752718272188311929619574193161874818267174211600114603
072820221           136211286612425121791227012820138721510616061167481764218717
072820222           197692065721216216652221722572221682150020871198411834116874
072920221           157391494114389140231395814392152561638017352181371877419534
072920222           200762055920984214292177621935215922087420273194061805316637
073020221           154721461314036136091341713364135081400614724154161603216582
073020222           171731744317685180781861618997189651833917668168401560314352
073120221           133161257411984116071137911292114941211412891135931436415168
073120222           160031655917243180701880519256191871875718408176361632415057
080120221           141301349013067128591300613592145001551916280166131697917581
080120222           182101887119128192001934819449193041886118411175231614914807
080220221           138511315512775125931271213298142571530116120168381776618929
080220222           199562091921649222592276023198228012200221284201321844516838
080320221           155471459113887134981345213871147671588116614171761785018533
080320222           192932002420637212392190522370222082138320533193781778216221
080420221           150311420513627133091333713849148851625217480186171985920991
080420222           220192305923838243922448524780244102379323006217482003018368
080520221           170951616915542151341510615556164701769118684195662047821339
080520222           221382288823323235952336023051225872190221285202901886717413
080620221           162681543814865144541427514330146971566016864180841934120429
080620222           212882187022281226182301323314231872241621720208011946618119
080720221           170491623115661152711508015029152701611217305186111976120782
080720222           216332225822636230262348423781236152269921988209091945718032
080820221           169881623915718154511553416115170971845719679207652185622965
080820222           238362438924635247452467824689243872387323140218352014318598
080920221           173941665716198159951611416736177371905920177210092212523253
080920222           241322470624439240122397324016234802284021903204301863316957
081020221           156591473614141138001379014271151071588516379166691702317344
081020222           177111810818354186251899219327191081855118134172241592714730
081120221           138271316412763125491265413256142101519015938163571684817147
081120222           173941781418324187251902319322192231875118404175001619714880
081220221           138851312212595122901228612700134381418114683149271521715525
081220222           158791633316778172111763317861174641674816227153431419113008
081320221           120831142610979107131061710761110291145011865120581235212849
081320222           132261344613711139661434614750148151458114408137691290012013
081420221           11223106961032610089 999410051102131065711155115781198412561
081420222           131201359714073146341535816002161571592315683148671371212609
081520221           117271115910795106151075211288121421306913712140991454115072
081520222           156921628516729171031761818034178111722316756156711433613105
081620221           121311150311105109041101911537123621328513839141761453514959
081620222           154771610316613169711726217433171211679816484156061441013292
081720221           124281185511490113051143412017129481382814392146661493115211
081720222           155281582515883158271588216037158921566215380146131356012563
081820221           118211126610932108021095211513124081331913904141941446014842
081820222           153711594516324166351699017266169801662816328154781431613209
081920221           123351172711324111021118611678124931354014313149011556016253
081920222           169961779518531192011987220252199331911918462173451601614706
082020221           136601288912335119751182011917121851274413489142441508916087
082020222           171361810118766192361964119875195931900518478175001629515080
082120221           140861332012790124111221912240123771291813735145311533016267
082120222           170771762718038183651876519193189551832517830167561539214177
082220221           132821264812322122291244113104141101514215912163891687617234
082220222           174941752317358173131744417739177061754417194163111515314031
082320221           132401268412349122071235113010140321501815790163201683917222
082320222           176801810518242183511837118365180831771817287163291516413988
082420221           130861251812126119421205312704137241473915479160591662917241
082420222           178781850519003195902018020572203491969419102178921645015011
082520221           140321328112776124971255413100139791503915914165631731918139
082520222           189491972320327208062119021380210492036719662183341679715324
082620221           141841339212872125921263513153140361499715895166851751018539
082620222           194952025220617204071975219249186551823317783168761572614575
082720221           136621298112535122321213812293126021324714043146231521915813
082720222           161331631616534168411733817722175021698116530156601463013603
082820221           127391213611720114531132711408115941203112671132151365714102
082820222           146421518115746164231708717687176311722816758157141447913316
082920221           124891190511561114401166012363134611452015287159541662817499
082920222           184731941320221209002154721948216132100420281189721741915965
083020221           148921413513648134111353614257153911647517328180341882719657
083020222           205172134021950225072298323096223882171120902195741804916601
083120221           154851473814204138931391314430154581616016494167341716717736
083120222           182131867818842190201926919446189581818717342160061453813215
090120221           122841166511271110891121411837128991372914204144301465714785
090120222           149191525815663161431665817041167911630015730146301333712162
090220221           113071071910326101371024410768116891238712641126391265112754
090220222           128771318413576141401481815370152621489314400135691256411627
090320221           1082410322 9990 9802 9779 9946102341073511248115971179012008
090320222           123061268713225138081431214816148801466314259135361268611829
090420221           111291063710336101651013010270104901093411561121651281413588
090420222           144581531216040167201731517543172521704916562157361476913781
090520221           129451238812024117761177012006123471278313458142031485615296
090520222           155121552915614157501597816150159271564815030141281307712099
090620221           114341096910697105911082911576129001390214552149391519315259
090620222           152581516315020149661505515297152211508514519136581262711695
090720221           110351059210351102801046511179123981324013602137511387613936
090720222           140761429714346145211478315095151931525814786138531271311680
090820221           109201044510157100461023410932121221291113191132571327513300
090820222           134251372314038144901508715593155261535814814138071265411611
090920221           108181032310023 99021006510705118081261212921129861302413162
090920222           134621387114368149981564916002157721557114959141071308012069
091020221           113271077610411102021016610363107601128311841122421262413104
091020222           136521423214852155701625716662164581614515530146361361812650
091120221           118811131510934107001063810738109811141512043126411327013950
091120222           144401465614791149341518815532156441569215188142991322912250
091220221           115571111010856108091108011861132211412114555148601518615500
091220222           157531612016419168711736317749177091767117036159811469313532
091320221           126641209711766116281182012592139181491715533158861605916209
091320222           164321672016823170451734017605176161752716942158991457313283
091420221           123251164711144108381089411519126571340613626136911383614083
091420222           144561496615289156711625416656164781638615696146201336712260
091520221           115061097610651105031059111194122541281412784125101233512283
091520222           122841246012693130951372414309143811437813787128681175110807
091620221           10126 9716 9479 9413 962510275114351216912330121281200011881
091620222           117801190312067124881311213699138021380213259125431162210737
091720221           10094 9646 9388 9276 9289 9537100041048010740107261057310510
091720222           105451061210812112361192012635129221306512641120321132510593
091820221           10020 9688 9425 9322 9373 9575 99231038410955113191165612104
091820222           126451328413926146161533115919160401607615474145141339612376
091920221           116451112410782106141077011442126911354213989142331440014587
091920222           148911505915207154411571616062160401568814941139341276111760
092020221           110091051110229101181029611004123231318013576137621394014086
092020222           141891436914339144441468715007151071501614301133531223011227
092120221           1055010097 9833 9749 995810691119941278612973130351332213371
092120222           133381330113272135481411414754148921494414292133601230211334
092220221           106911031610128101041037811184126101372314503149201515215242
092220222           151841497614440139641387714162142511425513625127331168410718
092320221           10073 9641 9404 9325 954310240114771222712298120641177311584
092320222           113921133911329115661208312716130801321912741120921124510421
092420221            9799 9399 9158 9080 9179 9487100491059010784105941035110148
092420222           10006 991910073104361118312044125101261912160115291079110070
092520221            9483 9131 8933 8831 8876 9087 9473 992310431107901101811261
092520222           115201170211870121731260713172134751346712901121051118010374
092620221            9828 9508 9317 9303 957410313115801242912715127651270112594
092620222           126891287313001132241383314398146451457813820128721181110846
092720221           10193 9787 9560 9489 971210468117991263912887127791248712284
092720222           122551245712660129601346114027142771424213510125701147510514
092820221            9897 9518 9333 9291 954310277116211241412438122431215312196
092820222           123511251812637128471328613858141911421313535126221153910597
092920221            9962 9559 9328 9262 949610257116421240112401122121212412042
092920222           119641201711911121281269813357137691382713232123691133510423
093020221            9815 9447 9264 9241 949910262116171239812406121011192411792
093020222           117471173011742119721244312970133831332612783120911123410384
100120221            9776 9392 9148 9074 9147 9426100131071111532120851229212263
100120222           120921180111681117481206712533128821280412314116551091910181
100220221            9639 9259 9041 8954 9006 9205 96331020210856111911121511183
100220222           110991093110980113221199612737133061322012773119111096610124
100320221            9589 9294 9137 9161 948410341118331272912924128691276512575
100320222           124571254912619127891323213953144611425913579126441155410625
100420221           10010 9660 9473 9461 974710560120251290413125131361313813156
100420222           131131309313011131661352214026143391411113510126081154510643
100520221           10067 9670 9470 9448 970310473118291280813227133821345413313
100520222           132531327513249133341362114085143781412113514126401157710652
100620221           10038 9678 9485 9450 970510464118641272212743124021212711959
100620222           118891199612208126351327813847142091410913504126541159310660
100720221            9999 9581 9378 9288 951410219114881235612600124691233912286
100720222           123501256612781130651354613885140171379413173124331148910562
100820221            9871 9404 9136 9034 9096 9383 99571056510921107511038310102
100820222            9863 9721 9811102431103711946125201251712126116091094610282
100920221            9770 9424 9261 9170 9258 9538100421058210875107631046810260
100920222           101111009510310107671163212429129521282412331116261084510109
101020221            9592 9281 9141 9152 940010044110451190312366124401257512442
101020222           123811232612280125791311013718141191389713231123541132810456
101120221            9875 9549 9404 9420 973010610121051299212919124481199911639
101120222           114501145111592119921272513575141471398413332124381138710479
101220221            9931 9581 9401 9395 967510497119731282412698122411193911756
101220222           117071180111980123371293213568141171389013216123591130510404
101320221            9795 9442 9274 9248 951710363118651272713022132431347813488
101320222           134501343113418135731389714340144621413213553127461176810866
101420221           10249 9859 9623 9547 973810461118011286113326134961353213390
101420222           131591300212819128191313913587138401350212913122151140010520
101520221            9899 9497 9246 9142 9205 9508101191075411147110471079110492
101520222           103761036410447108591160712360128151260712125115361082010105
101620221            9555 9191 8963 8875 8903 9126 96151012310450104231031110349
101620222           1032310427108051124111952127381334613129125261168610783 9994
101720221            9471 9147 8990 9016 931710163116581272913071132671346713579
101720222           135221353513452134801374214231145201412213479125941154910639
101820221           10020 9627 9433 9398 966510455119221296213279132841314413192
101820222           129171256612355124261285713647141911393413319124791144910563
101920221            9988 9660 9510 9533 984810728123151328213139125321199011721
101920222           115951170411801121571286013670142281405713572127681174610825
102020221           10261 9903 9752 97681007610980125661351913376127571223811899
102020222           116481163011701120601278013594141761405613549127781176710847
102120221           10258 9889 9733 97391006610955124861343613304126501209011682
102120222           114111134911434117781250313245136941341212916122721145910661
102220221           10091 9751 9549 9490 9613 9978106671135411622112851085710509
102220222           102521015110301107631157612331128361258612139115861090010208
102320221            9710 9344 9135 9061 9114 9376 98391043011018114131157611697
102320222           118731202012205124771292113485137471332912700118571094010139
102420221            9602 9268 9109 9131 943510270117191280013278135211374313853
102420222           138911388113697136841392014418145931411313436124961149210569
102520221            9941 9571 9368 9326 957210380118201286213154132621337613390
102520222           133921343813385134351378214359146301420313582126851163610746
102620221           10111 9728 9510 9443 971210494119121298113412136621380113710
102620222           136351368313604136771396614463146881427913694128501181110869
102720221           10205 9763 9503 9400 960710319117191265112719124071211011865
102720222           116371159411682120751278013526139801367413089123051132610464
102820221            9853 9522 9389 9381 969110543120531304013050126021217111854
102820222           117331164511662119151259213427138701356813105124881170010883
102920221           10312 9960 9782 9747 988110285109961177012066116731111710686
102920222           103981027510397108461171212565130621276912358118601122610598
103020221           10107 9808 9662 9607 971610012105581120111534112521083310548
103020222           104271038310603111161199312980135601324512712119801112110341
103120221            9802 9515 9400 9442 977810663121881323813310128631252012329
103120222           123211248712565128091331513699136171320712864122201126410377
110120221            9779 9443 9292 9251 951210312117561285313225134081354413580
110120222           135181349013332132981357614237146011412613408125151147710544
110220221            9923 9558 9370 9329 960210380118621284612879123551196511737
110220222           116681175811903122931302513813142231379213171123291127910455
110320221            9852 9513 9386 9393 975110684122731337113349127111216911816
110320222           116351165611803122451298613777142471383313213124061139510514
110420221            9905 9559 9388 9376 965610486119341294013038126301216511860
110420222           117091176211890123071298513595138291336612808121201126610415
110520221            9810 9412 9181 9093 9164 9463100821074811297114661145111432
110520222           114331150011663120091246113064133931295212460118821119510489
110620221            9952 9384 9103 9054 9133 9416 99151050711173114251165812081
110620222           124241256012689129131361914316139591340612708118811100410291
110720221            9815 9496 9333 9345 969110597120871291712994128221273412702
110720222           127121293813238136631418214781142971359812770118421088410022
110820221            9487 9192 9057 9093 941210269116131224711988115811135311281
110820222           113321163612126128351379614651144651403613433125941162610800
110920221           1033810055 9938100031041811436129921352612995123711193811727
110920222           116861190612351131081409914974147911434213692128061180310923
111020221           1037410062 9925 99591028711219126521319312748122491197211773
111020222           117621202212426130081375614423140991355212940121451122110381
111120221            9830 9489 9292 9281 951810207112421196112362125451273512822
111120222           129771320313316134451400914318139151337212818121831141310683
111220221           10149 9761 9544 9456 9549 9864104561120511885121001196312017
111220222           1198311897119841228212849133461293312379118701126810579 9889
111320221            9359 9023 8799 8694 8755 8958 94331010510970116901216512442
111320222           124591225612261126201340414107138581339012841121171130010567
111420221           10088 9868 9814 98881033211327128881360813371129101257812395
111420222           123831260713053138091489615799156651526414655138071281111935
111520221           113761111111021111111150012497140051457314084133891304213111
111520222           132791362514034144841534615885156491524114604137081270511828
111620221           112561090610728107141103311865132651416214543147071467914487
111620222           143001412214021142861507415643154421499914353135251249611587
111720221           110421074510630106751104311985134821420914026135201327913367
111720222           134051351613743142701524515906157551537114831140101302412113
111820221           115211121511087111231149012413138501452614281137451333013146
111820222           130191325913665141801511515634153791495414459137871298712187
111920221           116051125311105110881127011718124311297912929125491216411904
111920222           118381200912512133141443315039148701449314101135251282912177
112020221           116821135011167110701114011428119641244312577125791249812602
112020222           128691311313575143851552216274160971573315175144121350012733
112120221           122431200211909119991242513408149331561915290147451434714066
112120222           139961414814521151861618416827165911615715471145061341512479
112220221           117951142011275113041165012605140651474914305135751306612764
112220222           126251283813312140271507315807156561529214739139621299412113
112320221           114941116010993109931133812170134671431914314138841350313246
112320222           131361332413673141401495315495152211482614342136631281911979
112420221           113731102910876108591105511532122841300013243131651302412833
112420222           125581227512244124191285912985128281271112575122471172111138
112520221           106471031510160101371035310818114621203912663131691347313653
112520222           136821353513311133441397914360141121372713311127381203011343
112620221           107711044010279102541040310770113651188612046117641146711274
112620222           112321136611776124791348314096139011354913133125601183911134
112720221           105941024710084100431013910416109071141711891122411240212576
112720222           128431309513345137661453614853144961395113273124231143310606
112820221           10007 9723 9575 96251000110896123471318813353133421317713089
112820222           131211326913369138631487515679155031505414444136101259111715
112920221           111601089410798108821130412307138831470814596142671401613814
112920222           136921371213985145931563916299161591574415110141871308012109
113020221           114791109910910108921119412048134821443014771149351498815014
113020222           150181501814934150611566315939155621486114107132461225811406
120120221           108821060610521106171101312018136081448914359140171384013818
120120222           139151414214386149281597416652164491605415486146631356112574
120220221           119421161611480115121188212795142851508114846141831358913204
120220222           130321325913695143911538215879155631513614609139031297312055
120320221           113781094710700105911064410952115121214012828134561377313941
120320222           139671388013787138291428714484141181365013208127081201911320
120420221           107941047510324103071044910811114281201212337123071216212077
120420222           123771273713312140101517515850157331540814911141311312812279
120520221           117491146711382114911193512927145331542115108143471372313417
120520222           133401369614156146731580816544163481588915250143271317112172
120620221           114981108710898109091122912096135751445814538144311434814265
120620222           142171428914319146111546315957156641512114395134731232311286
120720221           106261023810057100321034011198126091363514043142551443514508
120720222           145241448014473145911521615614153031475914112132001205611093
120820221           1041610001 9824 98111013411031125541344913424130951285112734
120820222           128121306513388139831509315828156951536314837140591301012114
120920221           114711118111062111351151012440139471485314698140291349813154
120920222           129921320413684143861551916222159971562915151144901361912718
121020221           120921172711530114891163912059127591350413986140151388013673
121020222           135921364114000146201569016148158591546515009143911357612737
121120221           121461174311558115021160311921124731314613875144721484315029
121120222           150591520015455158741685117352171471667416032151671404313076
121220221           124171209511969120391240713342148411591316386164471629715976
121220222           156881559415673160321713117956177781742516833159271475013733
121320221           130711272712599126711303913979155221646516411159441544915032
121320222           147831481315087156761679217497173801705616480156111445313411
121420221           127601245112364124641288613871154581641816377159301555615200
121420222           149781505815324158881700817613174261711016531155471434413244
121520221           125211212011948119401224913151146261553415675156541558515416
121520222           153961553515567158091660517022167441627015665147761362012574
121620221           118711144111244112271152012346136741474415292156641588515969
121620222           159211582115724158401647916741163151571815098143341331312382
121720221           117111127211050109851108311458121121280913436136771364213582
121720222           134701352413743140851499515556153301495014514139601318512364
121820221           117441132511147110541114311480120621269713136133501332513240
121820222           131481346213850144061559216360162501592415485146551362312713
121920221           120961177111661117211213413065145491553315549151281479414728
121920222           147571497715228156541676017536173611693016318153981421313184
122020221           124771210511979120141236713268147881572115644151001458414281
122020222           141311423814617152931650317333172461690416383155591443813386
122120221           127391239212258122911264213586151041609016056154701490114433
122120222           141451417414547152461646517281171831688616415156421452613436
122220221           127211234012206122421260813479149121588616025159381575615434
122220222           153771557215619158221660617028167371627115702148811374612609
122320221           118351131611037109051104911538123721312113579138881411114215
122320222           141181405014026142211499315412152811510514953145521392013277
122420221           128251270812529124751268313130138011462615286155091548515435
122420222           154341558515953164771732017603172171682516556161681556814878
122520221           142021379913609135191351813726142551489415289152981493614498
122520222           144351449514638150561580816227160771588315682152701458713895
122620221           133241301212843128311305113473140991463214798145881451714408
122620222           144031460914539153541664817294170181666216082153301424813220
122720221           126761229112137121711246013141141961514415701159111574015288
122720222           150031511615399159291691417524173141692516379155851460313704
122820221           130921272812560125531278613453144721532215770158151573615553
122820222           152761513515354156021641216954166201610315495146841370512745
122920221           121241176811593115971189212602137011451514796146071415513677
122920222           133451340513723142601530016123158901544314929142131327112348
123020221           116501122910986109391114211716126571341413737135101310112945
123020222           127321272012967133891426614901145991416113668130521226211508
123120221           108141041010156100641012310383108541140312006125271302713339
123120222           134461341913459136721431614625141741350112877122741164611084
