010120231           1051110050 9718 9532 9507 9687100991044710717108101092011103
010120232           113811144311750123041340714292140671367713212126041185311145
010220231           106031032010207102431047910987117191234412862132561346713506
010220232           134431347213492137811479215709154991500614399135621259611756
010320231           111611084810726107581111311961134541444314824150671527515429
010320232           154581540515256152681587116338160281545014729138101270711759
010420231           111011072310564105681085711675130511402414293143651431614236
010420232           141991417014190144201517915791155611506714410135261251111580
010520231           109091053610349103491064611541129841404314473146651482314896
010520232           148711481214804150061568516288160501555314969140971305912118
010620231           115121113510946109551125712094134581451514980152331547415575
010620232           155181545615331153551592716400160211549614880141651328812428
010720231           117621133711107110331116111549121651285813466137971383513579
010720232           133521337413598139471472315358151861478614368138641321412548
010820231           120371174111575115481168312006125271310513419132601293612707
010820232           126561278313321141771540616352162601585915324145191357712762
010920231           121841185311711117361207612936144331546715619154121497214558
010920232           142721400514158147621583316800167071626715619147641372712780
011020231           121501177811603115721185812749142461520215341150751467314306
011020232           139461398414269148751591516829167241631615736148921387813048
011120231           124691215412062121451256713536151101606915925152191452114100
011120232           139411420514745153841637717119169601660915978150681402413049
011220231           124131203911856118651218313067145081555215922161071627616327
011220232           163001620416033160451650116852164911592915196142351314012145
011320231           114201096410703106171081611581128901387614326145511466114585
011320232           144591437814249143261482615223149281445513985133741259311885
011420231           113371101810882108821105811457121201291613730143711472914868
011420232           148291478914767149051544515998157901531014848142431353212808
011520231           122331186411656115901166111927124201303613603139481410414272
011520232           142721427214441148741559816382161821565715135144341363812879
011620231           123071196211808118191209412748137231459115295158201598215986
011620232           159381595515979160631662417304169781643415720147831373412837
011720231           121761181111678117201206713006145171543615322147181404113592
011720232           135111382614278147081543316177160051548714799139061282111957
011820231           113271100010841108671121712102135581451914651144761409613851
011820232           135771336713498139651479715768156931525314643138011276811899
011920231           113501101210853109191129212229137691472514907148751489414881
011920232           149801509915149153391593516476162651572415110142751327912444
012020231           118241147411252112161154012372136491464115110153851564515730
012020232           156171547415318153481582716426161171558215002142931343112595
012120231           119931159511379113321146211845125041325413970143791453014681
012120232           146801462814628148021532815974157631531114838142251349412760
012220231           122061182111599115431161011871123681299013734143571466114715
012220232           147051469414764150001562216235160331549614940140801313712286
012320231           117301138411247112711159712429137461478915275155901584416020
012320232           161091615016090160401644817106168841636515620147041367712781
012420231           121821184611693117271208212977144421536015658155231518114950
012420232           149631502815123152341592016848167551627315618147281364512727
012520231           121461181711671117091207313014145421547215742158151583115717
012520232           156211560915646158541646617093168861640515650146881354912548
012620231           118511141111146110731131112068134391437514573143921443214535
012620232           146271465914714149521558516376162711582515220144021340912555
012720231           120241168811548115991197012917144331531915110144551392313561
012720232           134171366113963144061517316004158891545714964143071349512755
012820231           122011185911683116261171012035126401326213662134711294112493
012820232           121821201312345130451382714769147321431713871132811258411922
012920231           114061104210876108261094411274118181237912804129561311313512
012920232           136751376013872140841455515282151101455513952131461224311398
013020231           108831061410520106301104512075136731462914769145591393413522
013020232           135641331713482138861469515800158581535714699138581281311963
013120231           114081110210992110681146712394139911503715388153551504414742
013120232           143541416614134146671568816781169181663416090152761423413384
020120231           128151251812387124631284913810154531639016080152801462214242
020120232           140181399414232148691595417173173301698916449156151462113713
020220231           131581286112750127941318814099156671652816249156161512614775
020220232           143111413914251148331587617023171251675816161153701433713395
020320231           128221247812314123611270613625152831629916230158321555315452
020320232           154421562716064169951830119478196621937019108186051791317140
020420231           167881652516385163501651316898175391814718301180951781717563
020420232           172861716817438180871881119418192161859117947172361652015642
020520231           149571448214192140141394514081144511477214922146351425813941
020520232           137661374913808141991504816219162531579415173143221333012519
020620231           120031168011545116051197912924144651539515442149941464414362
020620232           141831407614099145881532916430165331610415516146801367213036
020720231           123901214712076121961263013618152211598715470146681411213781
020720232           136471380214251150001585516929169371643315759148531375512831
020820231           121841180311613116081191712841143321507515011147271425613927
020820232           134441295812989135661454215759160231566315113143001329012422
020920231           118821161111499115921195812952144691519314946146681463414729
020920232           147971490614900150541550616151160121549014821139081280111881
021020231           112291085710667106601095411805131981387313665132391271312369
021020232           121661212612302127961362514554146691429313814132121242011644
021120231           111071081010704107311091411382120921265712737124551204611720
021120232           114631136711583122921338014533148091451614148136081293412299
021220231           118081148511331112941140511735122601266912701124291229912212
021220232           121961227412575132131413015159150681430713753132231253611816
021320231           112311091610783108431118812112136021448014471141331386413407
021320232           130721297113020134391434215527157621535614722138371278811855
021420231           112941101810900109141127512230137101441714096134221287412404
021420232           120671199512159127521377114957152861494814416136831277211963
021520231           114641120111083111211145612361138081468414853144321387913467
021520232           126701236312417128941376814795150561463513995131091209211201
021620231           105861025210100100931038911269127221331013007125981248712447
021620232           125051269312881131611372114564145911413813506126901170810815
021720231           10260 9919 9772 97731005310830121631309313567139021415014160
021720232           140701409313974140261437415030150951476814389138761319012566
021820231           120821182411728117101189512334129891345613373129801248412091
021820232           117591161911813124471347914612149841462914203136431294212271
021920231           117361141611250111961126811559120211232312399123841226012428
021920232           125361265012807131551367314553147011425413663129361209311283
022020231           107251039810219102061048211151121271285313223133161310913059
022020232           127701220812164126281337614423146661419613608128371194311165
022120231           106561038110276103311073211649129971409114553146051462714623
022120232           147001476014668146751514115862158331531614626137991278511946
022220231           114341115411055111121151212406137571431313831132011333813679
022220232           139581423114408145971504615790159001542114844140941317112354
022320231           118591153111403114451175112563137671480315454158321606516199
022320232           161361610415990159571621216861168921638015718148341382112965
022420231           123391197011799117661203012768139551470115059151811512015010
022420232           147741458614486147231540516405168641655116084154881471213972
022520231           134931322913114130971325113657142661486215407159021616316315
022520232           162321594815883160221627916904171011667116191155811479914092
022620231           135871322113028129601304113290137591432714962153071561215683
022620232           157121553015166148681520416120165081611215509147121380713021
022720231           125141226612178122941271113653150791569615408149921463814168
022720232           138111377513926144181529916419167891635115726149161400013137
022820231           125911229912162121841247413171141781504815670160341630516436
022820232           163911625916081160271622216815169131631615559146161356512684
030120231           121131183111747118361222713220146481527315028145311405413690
030120232           134931379614039144681506415651159211560315027141521311912254
030220231           116561132911180111851150012401138331480015233153441528515009
030220232           147891448614209142411455915363158061549914959141841319812328
030320231           117541145811340113761175012662139881433513752131311271112276
030320232           121621240612869133961403514889151601480814324137121296312245
030420231           117531146311330112941142311770123151299713799143921462914561
030420232           144161423614107142031458815219154291496514375137401296412267
030520231           117331138711213111531123111548119801242812717127471231212115
030520232           121961236812561128331351414512151121480014266134781255611774
030620231           112561097810894109891139312350136991400113434128131242212192
030620232           121621245412628129781381715017156201527214688138691285611990
030720231           114581117711062111331150912458138621440714012133521302412897
030720232           127861302213439140381475015709162021594515461146031355212689
030820231           121571183311693117431210013047144241498514704140801374913522
030820232           132591301412877131291395315016155921530414758139341291512046
030920231           114901122911117111781152812459138161429213818130841256212209
030920232           119551192512137127621361414607151931490214402136341271211862
031020231           113901116511093112091161412546138131399113357126911226511995
031020232           118131172511902125021339814271146541430013803131571236611608
031120231           110831076610598105791071611133117071236512985133061340813373
031120232           133221317613106132571368814288146351429813867132731254711916
031220231           114431130911174110351106211298117231212212076117191135811102
031220232           109301077110731110871188012984138641443914077133821246411607
031320231           110031067410538105811093411812132671429114535145461453614356
031320232           141761421614145141671453615102153831533714748139351294212029
031420231           114291107110914109051118111931130941407014638149311513415195
031420232           152201508614924149291518715601156681556415035141941317812279
031520231           117041134811163111731146612264136541463314926147351440614045
031520232           138711384013704137351403914676151781554915174143861335712430
031620231           118291149511348113631170312565140811489414641142151361813084
031620232           126311231812337127771339813899143021471014350136311264911787
031720231           111761086410718107341102311850132631416814211139671378013551
031720232           132901299612721128601336413768138951396913582129351214511365
031820231           107301029010058 99761008310422110561170812226123831214711682
031820232           111131072710523106031100711868126281317313059126241200011376
031920231           108711054910422104091055310923115421209512222120271182311693
031920232           116361154511524118471253513535144441508614847141241309912275
032020231           117561149311400114861183112786143181512414566136351291612310
032020232           118801161011398115601222113296141901473214399136281266211784
032120231           112561097210881109671134412305138721461914072133001264411789
032120232           113951121311112113091188712862136521416413815130281200111117
032220231           105851029010211102871066011625131841393513579128211223811833
032220232           113751100510827110801185512876136001406513695128731185110952
032320231           10334 9989 9827 98131010010951124161335713601134931322813162
032320232           131831333513377133501338913785139701405113619128051179710916
032420231           10309 9977 9812 98301015410988124601337013521133661322412681
032420232           116711130311128112931171412428130731353513309127641202211273
032520231           107861048310339103461048210875115101209012732131971347613617
032520232           136511367713753138441406514293142951420613763131161232811543
032620231           109431051310259101291015710405108671130111435112681122011069
032620232           108101045810272104191106712034127861327513080123701146010663
032720231           10124 9922 9882100011045111418129981368013082123281164811169
032720232           109621094111340119641267013506139421406113580127531174510901
032820231           1035710037 9914 99471028311168127061368413967139601400913758
032820232           132341298912736125631283413466140021444514168134111241611531
032920231           110171073510646107251109612078136301424913503125221179911293
032920232           109061073010657108821163012648134551407913856131141210711244
033020231           106731038810313104201086611918135381423113841130911249312041
033020232           117171148811329114821219413267142281486414695139641295412074
033120231           115441126411162112111158312477139081443613856130411244711954
033120232           118901215912506130091363114082142031421213809131121228711457
040120231           108881045310210100961017310495111231191012737132981365413718
040120232           132651267312257116891151511995125351289212631120511132810614
040220231           10048 9671 9478 9417 9532 98761040910968111361058510168 9979
040220232            9855 9699 9653 99371073311921129331362213564129311205411257
040320231           107741056810515106241105712067135811404713477126401195611511
040320232           111571096510858110911179712826135101394813720129611188910982
040420231           10371 9998 9874 98801018311068124861316712976125871205911616
040420232           112701116111247115541205812750132471357613246124801140510487
040520231            9878 9549 9359 9356 965910543119871291613225132501332613343
040520232           133021339313491136011390014294143951444014037132621220811275
040620231           106881032710136101281042011284126801359713728134841307512632
040620232           122901219412239122981252412977133491358413245125081149510584
040720231            9962 9568 9386 9377 963110330114031204211838113181121211135
040720232           109811123011618118191220812717131051338913192126291185411108
040820231           105871025310101100791024910669112621154811355108871042810125
040820232            9849 9584 9448 96351037011455122431280812830123761171911031
040920231           1054410240100771006210199105121099811234110781067410196 9833
040920232            9486 9062 8793 8918 953610533115031227812503120151123810523
041020231           10101 9896 9840 99421036411319126351308912509117581122210859
041020232           105571042010337105231115612100128501330813168123511130210416
041120231            9854 9567 9461 9500 984310752120191258612245117311136811107
041120232           108811085811061115161209112751131291337213040121911116110208
041220231            9591 9237 9044 9021 927010033112401189011813115511120510810
041220232           106571079910824111031170712554130861338413192123331123510260
041320231            9599 9212 9012 8948 9190 9952111261173911613113731123711232
041320232           113291164111939125051331114094144711460414419136351246911359
041420231           10530 9996 9643 9497 962910207112081189212105121261218412422
041420232           127451302413268136271409314377142371401713682128021177710756
041520231            9998 9479 9146 8960 8973 9188 9533 9892101891023910078 9933
041520232           100631025410462109061142911964122051233712146115751082910081
041620231            9488 9113 8844 8720 8724 8892 9197 966810231106511078010789
041620232           1074010653106511078311289118401220412442122691155810660 9845
041720231            9286 8936 8761 8750 8991 9672107751170212294126911291112984
041720232           130741307712888127551286513176132201322012902121131109510200
041820231            9596 9243 9062 9035 927810057111681178411728116961192312097
041820232           121491204411667116471188512377128331316212995122461126210374
041920231            9822 9490 9332 9323 963710451115841223112194119171206812497
041920232           123651207911905119701232312872131911346513314125941162710729
042020231           10180 9876 9701 97031000210793119461248412172114801110710879
042020232           105151027710173103821103011841124291283412887122051124410380
042120231            9762 9424 9241 9232 950510250113121196411849113551083610429
042120232           101551005710040102391079111563120781239812414118331102510220
042220231            9653 9275 9072 8981 9055 9371 98021033710828110451103110918
042220232           108081070110781110081142911926121341223112059114981078110063
042320231            9555 9177 8984 8888 8915 9129 94871009010855115641203612316
042320232           123741228512202122041248412805128541291112672119171099010173
042420231            9583 9250 9124 9138 946110346116601249012625124431220111882
042420232           116161150811445116351202212635130081321613106123281131210419
042520231            9867 9531 9373 9400 970210553118161237712103115211112111264
042520232           115851160911529116381200812592129361319213135123741136710451
042620231            9876 9534 9372 9399 972910603118991260112536121271174711421
042620232           112021120311271113161158912211127211309613115123881138910506
042720231            9908 9569 9396 9389 968110510117111238212392122681220812059
042720232           119341174911451114011170812189125781295313056124021143610526
042820231            9907 9599 9456 9460 975310547116871214011765112001090410630
042820232           104561046910566108731140511964122771250612466118941109310255
042920231            9664 9282 9091 8999 9087 9411 98311033510850111211124111396
042920232           113891129111177112361160912079123131241412263117391099510268
043020231            9719 9335 9120 9023 9036 9269 96411026210987115131179712100
043020232           122981229412252124481287213292133241322012832120561113010288
050120231            9745 9401 9218 9184 943410251115151237112551121761168211350
050120232           111491129211353114441180512450128301303213027122781126110342
050220231            9758 9419 9264 9264 956510379116091236712380122821229812395
050220232           123761229811885118531233812934132001337313309125501150010607
050320231            9995 9629 9455 9455 976210578118151240112279120661220812202
050320232           122431224612109120661239312980133121348613335125691151410588
050420231            9978 9627 9459 9452 972610574119231283313031129991292012831
050420232           126601259112426124261268313029132621345013437127221168110726
050520231           10088 9727 9536 9527 978110560117401241212442123061219012072
050520232           117911148111091110171126311798122111246812614121021126310422
050620231            9822 9443 9250 9197 9306 9596 995810093 9970 9657 9406 9312
050620232            9214 9162 9246 960510265111231174011953120731154510785 9993
050720231            9387 8981 8733 8617 8662 8804 9061 9225 9322 9297 9262 9329
050720232            9424 9467 9683102021103512099126521287612918122051114410202
050820231            9550 9181 8950 8908 9165 9871110051163711513112691114511102
050820232           111471129211482119031248513183134841343713332124861136510184
050920231            9534 9178 8980 8943 923210027110581159211347109491072210575
050920232           105681061210580107881130012124126391285612932121771107610154
051020231            9544 9221 9063 9071 937010167112861174511411109971073310600
051020232           104681053010652110401173912523129791314213157123921126910250
051120231            9611 9210 9004 8964 9205 9919109951158311499112831120711243
051120232           113081152611893123231281113399136521365713586128701169810629
051220231            9905 9441 9170 9084 9272 9901109641176612059118161165411680
051220232           119181242412909132951379914264142911410913983133861231011264
051320231           10488 9930 9581 9378 9372 9513 98561035410696108031078310873
051320232           109171107511357117521234213020133551325213132125051156010634
051420231            9890 9339 9040 8841 8775 8840 9031 9251 9421 9411 9265 9132
051420232            9052 8986 9092 954710277112371182912109122661170110718 9796
051520231            9215 8882 8721 8724 9026 9753108161143011437112761122111213
051520232           110521120911511119381249513125133721337513312125101135410324
051620231            9657 9260 9037 9004 9201 9894110131177911839117191159211480
051620232           114581162011926124931310813642137611373113616128181163610604
051720231            9892 9435 9191 9112 9282 9888109461151711428110671078110581
051720232           104711045610481107031124812037125701279712914122891126210346
051820231            9727 9412 9269 9278 960710359114831189711526110321065010453
051820232           103051027410291105571116711939124351265712809121891116210223
051920231            9600 9253 9077 9077 935810032110621156211404111011088410817
051920232           108671095010998112451155612064122971240912518119791109510236
052020231            9553 9151 8923 8829 8877 9084 9439 993810487109861137311689
052020232           119311210012121121871242412697127221262012492119551121610464
052120231            9910 9485 9226 9082 9049 9122 9287 9624 991310012 9908 9882
052120232            9876 989010024104361125612190127091286812946123261128810296
052220231            9597 9219 9019 8943 9190 9845109141151811444111531097310908
052220232           109161107011227115811215812834131581318813155124421129010281
052320231            9640 9245 9050 9014 9269 9940109931161811489111951097110867
052320232           108011088311008113291192512652129961308113110124451132510296
052420231            9640 9240 9026 9014 9272 9958110251165011618114351136411369
052420232           114731168411963124701305313619137661346813149123901128510334
052520231            9711 9311 9097 9049 9302 9939110491162011470111771094810907
052520232           108901102211086113221183512452127861291413002124351136910377
052620231            9698 9300 9124 9055 9298 9908108991139811303109871077210635
052620232           104991050410541108391149512205125741259312581121241122510317
052720231            9606 9161 8951 8827 8905 9038 9330 9592 9761 9807 9733 9760
052720232            9789 987810105105941135712238127551270012628121561130210454
052820231            9796 9299 9021 8848 8819 8838 9059 9338 9664 98671008110323
052820232           105911089511274119141277313679140621391513721132011218811151
052920231           10364 9807 9463 9284 9299 9350 9594 987010119101571017110252
052920232           103161034110483109331171112571130081302312917122691114210140
053020231            9434 9022 8831 8791 9036 9688108091144211387111371102911025
053020232           110701123811392118211252013336137191368213532128391163410544
053120231            9870 9457 9203 9164 9390 9964110191166711598114171139611512
053120232           116701196712328129441375614516147981463614379137841250111312
060120231           10481 9951 9666 9552 973310257113711218612460125941297013413
060120232           139201453715174159371678217337174611710816759158681438113035
060220231           119791130810872106551072511177122811329313821142651480215458
060220232           161271675817331177941780517464169151631215736148011352912327
060320231           113631068910237 9966 9857 9920102421077811406118051190411789
060320232           116241158011594115871168211936120151200611996116061088410116
060420231            9540 9122 8893 8784 8825 8916 9161 956210042104441091511124
060420232           111161108211146113771176912216124721249612429118861092710046
060520231            9449 9137 8979 8974 9239 9972112001211512360122631220112244
060520232           123331243312334123091263713091132951330413228125841148810508
060620231            9868 9456 9227 9184 940410021111241190912126121391201811896
060620232           118901205512306127451331113703136561345613265126111150310531
060720231            9871 9459 9229 9187 9414 9999110611181611981119681210812347
060720232           126031280912827128791309813407133991326813185125701147310492
060820231            9854 9441 9222 9170 941610014111501202312369123901231212111
060820232           120841235612559127951292113079130821309213108126101155510578
060920231            9912 9465 9235 9183 9393 9954110081185312152120201199512132
060920232           121701215312106122671249912789127841271012708122881141210503
061020231            9827 9418 9122 9009 9050 9228 95731008410509106871069410648
061020232           107461088510888108881132211980124071246712443121511135110492
061120231            9834 9416 9097 8955 8958 8975 9174 9513 9921101661030710632
061120232           109931138511851123961305213882143281430314199136691249711378
061220231           1060810113 9856 97771000510635117961279913290134411364613937
061220232           142381451514799150801556916053160381577215530147501348712324
061320231           115171098510665105261070711353125281354314009142441437914335
061320232           143321446414558149831552915973159751563215227144261315611924
061420231           110551046910132100001016310710117351259212913130161324613640
061420232           139751442914883151401538215489152771482314259137051256911495
061520231           1074610217 9920 9803 997110512116031243612845130221316013301
061520232           134311348913630140871469815330155361536415151146101342612216
061620231           113441071410338101411024910686116341253013015133191364814117
061620232           145671503315378154321557415514151551477114542139951301712013
061720231           112471060510238100441001010137105271117211957125451289712981
061720232           129831294012893128531293613095130391285312727123341159510816
061820231           10197 9736 9462 9324 9325 9346 95861004210542110921137011513
061820232           115341155811782120791255213111133721331513282129521209311091
061920231           10378 9886 9604 9504 964410050108581161412094123691261112877
061920232           131011337613548136711402114560147401451514275136971252611401
062020231           1062410071 9760 9648 982210332113451217912499125461255712833
062020232           131711343213526136781406614465145321434714105135661244711344
062120231           1055710056 9770 9652 981110282112421204712325122831237612612
062120232           127881295113090132611370414221144201427514042135801245611325
062220231           1050710000 9705 9565 974310214111431192712226122921231512344
062220232           123361250712771132861397314524147151459014401139411284811747
062320231           109441042310083 99561009710539114491231512859131401334313626
062320232           140401448114819152711576216149160661572315517150941408113013
062420231           121471151911119109001085911016114611204812911137131420614353
062420232           143981451814555147861516715589156881551415257148431396512979
062520231           122041159211212109881091210927112291182812598133511398414643
062520232           152601582116324169411758818164184241815917731170101566114267
062620231           131881249612052118631199712576136281468015355157071616016627
062620232           170741755117905181981848918684183641793117480166971550014202
062720231           132181257712160119361198012476135201457515303158021629616340
062720232           162511646216451168011718917543174201699516662160561486013640
062820231           126511207911726115821175712371134671453115168156101612716300
062820232           163651664916980174341781617995178501733116804160541480213552
062920231           125441191011463112311125911743127411375514374148051528315756
062920232           161481655816881171931753617920179071751217039163581505913733
063020231           125321186911351110961115611543124251352414248147001526915790
063020232           162391667917153175811798618275179361744016903161901500013734
070120231           126491188311400110471090510926112261172512481129921342813797
070120232           142991476115306159251645616804166431620915859153021433113248
070220231           123691168011270109821088110844110931160012301130441365514061
070220232           142721437114505147381514215637158011564815488150401412813117
070320231           122731169011340111711123211625123171311713846144961492415315
070320232           156771607716418170441767518336182071766317097163721525414146
070420231           131541258511982116841163011727120731265713280139791453914993
070420232           154541576515989158851584915839157331563315529150041419813217
070520231           124261180111425112701137911844130161412114995156601645117217
070520232           180351883019681205392129421641217042114220514194941785816264
070620231           149301402013449131411302113357144111577916905179201897219892
070620232           206972139121872223652285522999227982217421474203871859716882
070720231           155701457613929135841350513933148441594616793175071811818831
070720232           194952018620862214632194821807210962053619773190411767816290
070820231           151301430013666133211315213173135371422915148159501648417103
070820232           175841822318822194001995520027196971907218679179831682915619
070920231           145771375013275129251276412752129791356714259151451588016536
070920232           171721768017811179871816218310180831772317397167251559714408
071020231           135581293712545124001253913204142571535716039164541688617214
071020232           173651741917477174591769518016178981744716880161801496313656
071120231           126601195611543112461141211854128731395014619150561557016159
071120232           168071758118401192922021020783209442051119927189411728915650
071220231           144341353612928126151259813009140631528916294170971792418796
071220232           196502052821243218292199621922215972118420695196581789516176
071320231           149001402413419130471303113467145171577316753176181856319520
071320232           201452069520828211782171221780216432100720389194521796416382
071420231           150021402613380129951295613349141961513716072168021735517553
071420232           173611748717611178541851819140191131873018304176491647615261
071520231           142651361213152128791278312888132881399015041160181676717489
071520232           180051861219224198472034220552204612007919641189571775616489
071620231           155511487514387140851395313948141871481015675165261704417344
071620232           174251733517292175201795718294182041788117551169521593614851
071720231           140341345713099129311314113800148801613917045176181825518917
071720232           196422038421041216122189222049218582148420956199471821416544
071820231           153221446813887135611359814141152021632917077176901820918867
071820232           197382046320720207432081120741201871982619356184961708515616
071920231           145421381913314130131301513513144981561116249167551733317785
071920232           179831836618764193291988120152201021966219194183341682415266
072020231           140591320012598122441224212635135621461915251156731621616784
072020232           173951814718753193321993620277201101954118891179901642714918
072120231           137691307512467121881226312717136931491115803163871676517059
072120232           171081740217805179521823018330178641723116784160031492913796
072220231           128791225611740114271132711388116401231713051135871407614382
072220232           147351512815623162841698417616176871726816781161331498613789
072320231           127921208511515111821105110901110581154412256129551363414210
072320232           148361543616119169561789918787190671861518025171791577414410
072420231           133401261312090118651190812445134021459115452161461690217772
072420232           185061926819882203992095421137208432010919375183121673915247
072520231           141251336312871126781270413109142751552816409170251782018434
072520232           191751996020556207172056119977191211845617865169681564814360
072620231           134041272412261119971205012540133991460115331158791666217409
072620232           182221906019875207262147821723216162107120554194761783616277
072720231           150661425913711134321334413952149981626517275181681910019782
072720232           202782099221771224932264722573217462079120073188381747516143
072820231           151141437013827135201354514025150311633317240179521871119501
072820232           202362098221632221682243522807226292216821547205501903917551
072920231           163261537814665142181401514078143941515116080169351791818920
072920232           196971994319884201802033120294200421926018222170241551814129
073020231           130111224011692112441095410796108281115811528117711201912311
073020232           123911248812796134361443115413158361557715269146011344012294
073120231           114911094010563104101057211110120051296613543138791418814527
073120232           149851553416039165391716317644174651693916485156381435713119
080120231           122061156011114108961097011435123011314313410134211352113801
080120232           141611451314810151771569216178162081581415382145381330612129
080220231           112481067810289101081021910718115781236712676126961280613068
080220232           133961377314061144841509015776159881565315297145051330312170
080320231           113331080810465102811041010914117801268713206134331368714113
080320232           145051505015542160091649516726164131599815750150411390612820
080420231           120081145511134110111117011765126781365814431149001530315629
080420232           158821604316094162321650016645163631607015832151901422813253
080520231           124381181511407111751109111185114791211712821133121375014174
080520232           145731500815505160591664617078170191659516255154701434713173
080620231           122281146210931105681036410339104671092611483119151234412853
080620232           134751401714631153651632917215174411702716604157351445513224
080720231           123171169011294111231129011912128521395414798153611576816080
080720232           161821618116202161711624616461164141625916131154801445713481
080820231           127531227111995119161213612848139521508115854164791685917139
080820232           173911795118334185861901619275189971837817760167691542414163
080920231           131741248412033118301194612507134451441714915151301533515567
080920232           158701642216991175551830418824187551830217858168521545914122
081020231           130821229711774114681151211981128011380614495148511542316136
081020232           169051761817822179581800117974177271744117140163181515013966
081120231           130411237211912116121160912043128231369814223144601475215212
081120232           156381596616341168081736817841177301710516522155881439013197
081220231           122021145210962106551050210568108311138512012124741291013497
081220232           141991476415322159631660517092171551689116641159591495513961
081320231           131631255812160119011180211905120671243313133139631473715563
081320232           163331696217661182341871919167191311854517958168661541614009
081420231           129981222811744114961155512076129561384914456147921521115823
081420232           165011716017675182891878319183190271868618425174021604414723
081520231           137221306112608123901247813030139841491415549158861616616215
081520232           160861605616067160191614916383163071608515834151141404813010
081620231           122061170911378112471141912053130581410114821152691555215674
081620232           157061570615769158681610916424164511625616070153171423113130
081720231           123471180111446112911143212015129671396614658151461547415712
081720232           159181612316137160651608516274161611607215985152921427813229
081820231           125051195211630114851163312277132351429515196156951578615735
081820232           159171651516829171471737017712174681676416109150911388612627
081920231           116421095110483101981011610221105011100611534119251233412685
081920232           128011290213093132291361414018140891399013860132981250211628
082020231           108961037310017 9789 9706 9788 99631034910804111681148411886
082020232           123521292213679145731558616428166441638816140152551407012871
082120231           120451145011074109141109211755127121372814512150031543716007
082120232           167321755718277189771953319705195951938618866176171609314557
082220231           133371247611888114941145511835125271318413428134081347113645
082220232           138821431214791154061614216777167901632415869148541357012324
082320231           114191082210418102231033110853116791240312714126781273712893
082320232           131211353214044146961548516177162521582915426144461323612082
082420231           112091068010321101531027610865117371256113032132261349913895
082420232           142181459314928152941553015584153751525814923141561313112153
082520231           114631097710693105601071811306123431342914321149091525815523
082520232           155961561115522154911554715686155871548615194145741372912842
082620231           121351164911340111751118311420118361252713328138161406414466
082620232           148311516315660162481696317496175041700016500155991447313424
082720231           125211186511331110101085010890110351148112104126491307913436
082720232           137401402414378148541552716193162961602015674147521359812495
082820231           116991117410830107061089411578126111345813954141691423414582
082820232           150001541615826162831667616959168471671816260152581402712868
082920231           120591151011144109631107811737128121366214140144271469415098
082920232           155421586216328168791742217785176591757717154161421488913706
083020231           129001237212014118481203512779140891506815758161711644116598
083020232           166161672516927173361804718482180241743716867156881428812974
083120231           120311137610949107121080211383123551294012903126611252912497
083120232           126041292513288138901463415284153261504914579136091244111353
090120231           1058710063 9733 9596 971910311112401189912069119901193311922
090120232           119761220912569131371394714602146171438113903130901214011188
090220231           10458 9951 9630 9447 9428 9618 99281034310695108721094811117
090220232           114511188712421130991382314403144861435914016133561253911722
090320231           110911066910311101011003410140103651075511323118421237912985
090320232           136641432515077159781691117643175961721116627156941458213487
090420231           125971190211419111551109711308115791204812746135561439115323
090420232           163181712717755185441946120091198231943118639172801571114347
090520231           133801271712294120801220512976142421527516038167811761818543
090520232           195542047221109217352231422579221332171820850194021768016182
090620231           150731431813832135491361114270154611645317151177331842719234
090620232           201482107921706223812292622943225952221021506199631819416618
090720231           154551464514072137391377614443156421660017439182751925820318
090720232           213642238023077237012388424043234972323722298206771881617186
090820231           159271497214317139341395214587157551670817364179521859219223
090820232           199652064221207208272073820580198831940118598174671630115071
090920231           141521351813088128291275012938133981405814843155361624816805
090920232           173191805618717190901912618945184711812217444165371548314429
091020231           135771297012511122141209012190124701302613866146221526715798
091020232           162981655516447163271648616658166371662316252153771427313226
091120231           125211203811740116551192212739140941509715633159361626616674
091120232           170381750717868182131838118480182761792817174161231488713708
091220231           128531227711921118001198912756141181500915463157871605416194
091220232           163451665317049178021849518980187501857117749165811517413862
091320231           129121232111921117111183112558138241478015375158851637616831
091320232           169871688216624167111704817337172941721716556155421431413140
091420231           122891169511274110631116011789129891364413783136141357213646
091420232           138331424714669152251587416313161171590215229141741289811756
091520231           109361036410046 98931002310646117641236212466123531230512325
091520232           121901229712489128841331113680138201386513400126691177810888
091620231           10257 9809 9534 9393 9410 9634100941062911285116411165611675
091620232           116281153711523115881199712630129541309012652120081125410475
091720231            9869 9474 9193 9030 9003 9151 9443 975610039101231013510287
091720232           106421098011558123571336114119143701451513977130771208111194
091820231           1054110136 9916 98791011610903122611332013941143101462814782
091820232           149521490414712146281481215139152111498814302134231236711401
091920231           1070410231 9966 98581001810720119591270612783126881270312899
091920232           130811323413300135961410114656148001482014177132111206811034
092020231           10381 9902 9640 9527 971610417116641235312291120531191611875
092020232           119731223912575130971383914532147151472114041130381186110868
092120231           10186 9741 9486 9393 957010284115511220912131118401165811654
092120232           117481204512366128991364814272144581451513871129241181010823
092220231           10163 9710 9444 9338 952810211114211212112163120011188711882
092220232           119661201412088124071293513337135371353512983122621137010493
092320231            9860 9498 9200 9086 9115 9394 98941049411172116101179011860
092320232           119621191111976121591241612769129461282612337117421100210292
092420231            9756 9355 9119 8995 9001 9174 95741011510908115261188212114
092420232           123081233012306124421285513360135441341412786119731107710314
092520231            9739 9409 9223 9198 943610168114891245512940131201321013308
092520232           133011329813211132691352113984142301409913416125071146810530
092620231            9941 9559 9363 9314 954210277116411253212745126671250712287
092620232           119991180211732119081239913152136861387813266123761131510411
092720231            9816 9427 9230 9195 945310255116421240512241117951140111134
092720232           110261109911276117621251413295138251393013299123991131910391
092820231            9767 9422 9198 9159 940210190115911236612389121801191511664
092820232           115151153511744121421278513431139011395013323124481139110460
092920231            9863 9462 9270 9215 943510141114601242112935132401347413530
092920232           135451351613401133951357813811138601356512976122461140110552
093020231            9935 9511 9275 9170 9211 9490100521072111473119061207111943
093020232           117471169711716117731207312550129031284712373117601102310283
100120231            9712 9316 9071 8940 8945 9141 95671002910429104591028010191
100120232           102141034810690113401226813189136791369713114122321124510360
100220231            9776 9412 9211 9194 946210244115871236512338120351181411718
100220232           117341192512193127131348414239145621443313636126291150310512
100320231            9885 9526 9304 9201 944410205115151227712225119771188311998
100320232           122381271413280140711489715491156681551914839138291263511524
100420231           1075610259 9940 9837 999110713120441282612991129841306013344
100420232           137361427614828155031621516511164751617715355143061302711870
100520231           110461052410175100251017110880122011302813268132101300012995
100520232           130991345413834143951501815423155221524414534135991250611493
100620231           107611031810032 99401011910823120811302113539136791384913886
100620232           139101401814010141111434614578147371444913903131981237411495
100720231           108231036910056 9911 992210163107011133512128126681301613120
100720232           131471313313171132041338613611137051337312787121841141310601
100820231            9911 9419 9099 8936 8899 9048 9454 980010203102381011010030
100820232           1005010107104151093611464122451280512698121391123610754 9868
100920231            9412 9080 8917 8888 9154 9856107161140811545112951125611036
100920232           1096211196116811195312634134541394813728130631216011073 9941
101020231            9662 9298 9123 9104 938610230116531263512737125551230712086
101020232           120191225412337125781299013557141101395213259123791130410404
101120231            9813 9462 9267 9241 949610320117591265912834126261232012055
101120232           119771214312264125331300313675141471395213320124361135110455
101220231            9818 9448 9253 9206 946010235116951255412552122061188011719
101220232           117501198012198124491296213553140361386713209124321139010447
101320231            9821 9432 9235 9171 941210186115911243412351118901149411262
101320232           111431122611487118421238513016134051318512684120241120810416
101420231            9830 9415 9197 9106 9190 9527101361077111166111181097610833
101420232           111311156311594117831215612628129601268312236116451091610194
101520231            9673 9284 9072 8971 9009 9228 96881026310742109601104310809
101520232           107841097011064113611205612826133551317212617118141088110039
101620231            9489 9190 9027 9036 932210180116541261012693125691253112678
101620232           127971269012390124631299913775143271397513326124631138410458
101720231            9852 9496 9322 9310 957810431119121281612726123291208312115
101720232           123281250412608127501307913711141251392913273124001134410421
101820231            9833 9478 9282 9247 952410353118531285913066129641281912614
101820232           124161242112477127261311313707141871389213261123991136610441
101920231            9838 9461 9268 9228 948710315117901272912692122901195611804
101920232           118151188511937121341271613420140051376013168123561132710428
102020231            9845 9459 9239 9214 944110204116151257912928130761323613281
102020232           132541322913153132211343113780139041345512916122471135810542
102120231            9939 9510 9281 9157 9178 9437 99821068011413120721253312674
102120232           127521266112535124901266812955131071273812224116221090210203
102220231            9633 9243 9000 8880 8896 9109 95841014510593107621082110917
102220232           110021106011287116051226813036135121322612638118531093110125
102320231            9586 9272 9127 9151 944410357118731285012869124621212611871
102320232           116911176911960122981298113819143291396313283123721139810499
102420231            9930 9610 9451 9453 976410686122461318413155127111228712198
102420232           122041218112178123371296413746143021400413370124981144010492
102520231            9904 9524 9331 9315 960110466119531286812785123331193511781
102520232           118471211612495129441334513930142961390713264123911135610424
102620231            9824 9433 9225 9143 935710141115401252212665125331240412226
102620232           122131242912731131731368114142144501402413377125451150310566
102720231            9974 9563 9298 9211 942210126114101236612698125861249212517
102720232           126761261812576129191337813797139531348712921122301140410560
102820231            9926 9478 9210 9060 9092 9327 98681047310955110381106811120
102820232           113271165512135125621297613442136811321612540118291101410258
102920231            9618 9193 8860 8716 8688 8858 9280 982310561112451177412173
102920232           123991238112449125621294113521136251318112587118021089610089
103020231            9559 9249 9090 9080 938610231116981283613344136721382613908
103020232           139511389813787138051406714623147011421613533126681163310701
103120231           10140 9795 9634 9640 995010862124551349613420126361198111531
103120232           112721129811517121751308713820139721368913439128251186710998
110120231           1043710119 9959 99731026411181126951374013854136511349913395
110120232           133651340913336135231403614840153531505514503136961262611717
110220231           111331082110698107271108612028136481470714565137231291912325
110220232           119731190611999125511349014607152271499414495137121270611847
110320231           112061086410668106361091611768132611426114198134791272012226
110320232           116951148011597121021298813866142531387213373127201187311012
110420231           10392 9996 9778 9703 979110123107431146511954120901189011680
110420232           116011153311596118981236813057133011291312466119011123210484
110520231            9932 9445 9206 9160 9285 9662102461080711085110921092910920
110520232           109101105111392120311301413841135881313112556117591093810248
110620231            9813 9595 9532 96271006511138126701339713207127831243512501
110620232           128801328113459136781446515132148371427813580126941169310808
110720231           10200 9874 9709 9664 994710813122231310513350132761307312796
110720232           125821254212791132051394014635143821386013188123471137410557
110820231           10056 9737 9641 97261017111194127651344313127125461213311962
110820232           119531235413058137451475215577153951497614369135121244811532
110920231           109701063510384103481060211527130161401314434146811485415106
110920232           150591493714694147331520115572152971482614217133921240211576
111020231           109911065410473104561073511476125701331113518135871369613772
111020232           137641375913737138391439414953146121413613625129741214311350
111120231           107551039210220101961035010762114031180011741115051136211278
111120232           112081126311720125101355014273140891372513357128401218611554
111220231           110921081910693106681080411165117001209812213122191205712001
111220232           118841189612320132401453015411152661488714363135991267511906
111320231           114631122211172112681170912753142841490714334135461305712872
111320232           129411334813871145061543716042157901535114698138161274211864
111420231           113101097310853108881124212205137101440014149137321341313288
111420232           133191347613629140861500115706155301518814571137021267111831
111520231           113001102510938109931142012450140021456113903131171261112327
111520232           123901271813163138121482015517153171487414229133551227511392
111620231           108241049910362104271077511735132601385213329125241201911744
111620232           117441202312517131821412714793146201424213712129801204111188
111720231           106801035710239102581059411483128741348913240128851254112320
111720232           123581256012862132441404814444140791352212940122541142810622
111820231           10022 9613 9398 9311 9391 9736103561108711885123591243512360
111820232           120971190611979126001355914201140151364713252127401211111448
111920231           109491063410500104741058810917114661189211861115071114111059
111920232           112601168312369130431412514809145841415513606128681202411255
112020231           107921055910518106441110312123136371441314081134451298612748
112020232           127171297413517144011556916341162461596115404145661355012652
112120231           120791177011669117351215113167147141533714762140871371713884
112120232           141821459114825151541591116292160471561414993141491313012181
112220231           115481117510931108841111411854130321405014616148731495814896
112220232           147301461414521145711514915457150801457913983132471235911433
112320231           107721034710119100401016110554112021189312247123471232812267
112320232           120681179911825120661246212587124221229212139118221127510632
112420231           10159 9884 9769 97971005410618113651184411839115591128311182
112420232           112091153712169130161406414725146211438314095136301292212252
112520231           117211141811287113021148711881125661307412999125861228712173
112520232           122621248713009137471486915501153501503614656141371339012651
112620231           120951173911547114831158311871123821282512883126821254512546
112620232           127941318413591140681505015514152321469914081131711213311271
112720231           106391026610078100481034411246127101353613428129541265212673
112720232           129281324913559140841512215882157241527314663138001272911826
112820231           112811099610876109321130312299138521472414592139961357913649
112820232           139561425514575152031633317084169791667516100152041408513130
112920231           125121221112052120881246713445149751576015394147521452414284
112920232           141881442314852155711666217277171821686516331154141426613274
113020231           126221224512064120831238913344148931564215258144301369613192
113020232           130181328013755145271567616368161941579215188142711315812150
120120231           114781107510913108961120912109135611429714006135011330213416
120120232           136411394914094144361518215430150841459614038132761237611532
120220231           108191037610135100231011510481111231183612546130251327613293
120220232           130581283212844131651402114491142371384913418128241205511287
120320231           106791029210070 99941003910307108391153512397131841371314058
120320232           142851436514442146261535515734154081490314265133841231511446
120420231           108781050910389104021075011694131901415914222139761363613419
120420232           136361395114149145491555016206160051549814830139451279011882
120520231           112621093210785108261118312159137191464214681145101456214761
120520232           148971510815216155231641717006168531643615817148981375112778
120620231           121521178611671117111206213007145761551615680154701518414958
120620232           149201515315291157171672717338171941689416347155121440213451
120720231           128461253512419124971290713854154321629316282159371567015650
120720232           157681595316086163651721917697175011719816706158691478313760
120820231           130411263412411124051269913576150081583315648149841439413916
120820232           136661378714170147731590116504162491581215313146381369912793
120920231           121121165811389112891137811758124121309513434132331301613051
120920232           131811320513337136321449014894145691417913690130841226011447
121020231           108241038510130100291007510322108151140012102125961287012992
121020232           132961357213803141181485715222148611428813665127811177410883
121120231           1032310013 9840 98461021411105125981376814352146501479214614
121120232           144021426214397148721598316731165371611115509146011345112498
121220231           119111153011402114581183612794143681525714949142241368513302
121220232           131451333713893147321599816857167951641015811149151371112654
121320231           120301162111471115061187912851144101527415023142581373113537
121320232           135111386314339150761628817088169831667316164153361422013221
121420231           125971225312147122091259213582151531605015803151221467414483
121420232           141981427514801156191680317465173291702816490156281446513382
121520231           126681224512028119881228213145145811537915110143321377513258
121520232           128981305213479141271518515810155741514114655140221312712251
121620231           115411113810957109001104311439121181277212972125741208411784
121620232           116611183712372131181431114958147881447114123136401287812075
121720231           114491100410745106201066410948114971208612691131461342313655
121720232           139241406814134143641515515537152611478014153132991222011270
121820231           105931019510008100171035411155124471339713852141261416513900
121820232           137341362713619136771426114727144861405713535128081182510917
121920231           1033710000 9879 99231028011158126041358113692131941280612719
121920232           128861335913760143381538516131160691580115321145621351912570
122020231           119631161311495115341188612834143171528815120144651386213447
122020232           132831350513944147581591316741166791637815924151201396012936
122120231           122451186411697117221208013008145471550615372147491415613807
122120232           137151400514585154471670617440173891715716746160211496013933
122220231           132891292012760127981310513949152641619316080153711470414182
122220232           138721402514559153991660317262170621672716308156851479513922
122320231           132641283812625125691270213087136941433714611144341419614123
122320232           140871423614522149301577316168159181553115084144471355912665
122420231           119641146511173110441109011349118871260513342138751410214199
122420232           142531432914369144741484514827143131380513419130531247811787
122520231           111311064810393102781036810690112251189712522127431260812487
122520232           123861222712266125631325113617134321324013068126551199011263
122620231           107461042910282103081056611219121621293213457136521371113666
122620232           135451347213646140731503015630153531488214297135211251711626
122720231           109951061010408103741062711300123021315713704139901420714331
122720232           142581424014216143821509915564152421472214099133181232311423
122820231           107811038210161101311037311019119991295413653141481449214661
122820232           146081457614556146501531315706153761487314314135411260411677
122920231           110591061810386103481055811163121041294513511139021417814244
122920232           142561422014176143251497515367150081449813949132611238011547
123020231           108541041410183101011018910484110361165812299128271311613304
123020232           133271337513507137771454115127149531460314182136541289812149
123120231           115351111910889108011086211129115861213312678130961342413602
123120232           136551371613918144151534815834154321479914206136301302512453
