010120241           119081152911244110861115211473118961227312596128021291912964
010120242           129201301913407141201530816196159811557915041143021337812606
010220241           121401186711784119051229313296147991577215613148731425513804
010220242           136311372714120149121610517067169571653415939150431396913036
010320241           124541210911969119841232413249146951557015567150071447014237
010320242           142721459414911152721613716775165661605815378144441330112360
010420241           117781140011217112161155312443138791487915104150401477714389
010420242           140611400014314149001598016941169721671616238154791451913639
010520241           131191281012703127641312614058155221649216366156901513214693
010520242           145261469115039156451663917283170331662316075153631442313539
010620241           128931248612265121791229612636132421390214375144621451914856
010620242           150871506714983153461608016590163571588915361147001387413144
010720241           125371210611859117611182412092125511313513895146961531315860
010720242           162791637516364163441690317614173331673516024151091405213131
010820241           125641222212095121331254613421148401587716348163091612715870
010820242           155671537015298155901648117401173811696716373155351444013556
010920241           130041268912608126951305813988155051647116704166901655316450
010920242           163371627816186163811701817506172521671315924149201371912729
011020241           120251156211267111511131112035132651416314319142181405913892
011020242           138541390413938144841538916156159701550014867140061298012087
011120241           115001115011005110131135212264137831477714938146911431814081
011120242           143171460614580147801553516351162331578415190143411326412382
011220241           117921147711344113591170412606140961501514833141391348313085
011220242           128481290213184139211495415752155501511314588138911301012178
011320241           115991118310987109051099611308118641249313175137431397713832
011320242           134401306313054133881410814771146301428613861133721270312055
011420241           115991127111089110591118011523120921268512971128381286413168
011420242           136761418214491147971559716420163581596915505148551408113328
011520241           128161249912400124401276013490145341542115659153281488814545
011520242           144511473315206160261702817814175941709016456155631448013543
011620241           129941267712551126091298113882152131616316752170701729017474
011620242           175771747917267172401770918220179871750216816159021489514059
011720241           135821329913214132961366914597160821708017348171891692016724
011720242           165491648716501168021755318433184221812317573167421570414804
011820241           142691394613812138721422715155166711758517709176351752117261
011820242           170131690016836169931754318187180671769217078161511509314145
011920241           135831326013122131511348214355157621677017107171831723717064
011920242           169741692416882169151738417943177871740416903162481541714627
012020241           141321377913649136671383014255149471570816433168551691416843
012020242           167371673916781170711767918259181271778217349167291596015209
012120241           146261424414043139911407714365149131554216145163111627316179
012120242           160301585415907163411728718278182401783817282164051540114549
012220241           140471375413658137411412415092166721762117549170651650115968
012220242           155531541715643162341701517853176441706516333154081427413307
012320241           126551226712068120531240313292148031571815893158091579915771
012320242           156291557215564157401636117154170231649815849149701390712997
012420241           124861213411983119881234513233146501566116099163101636616376
012420242           162941623416126161721661517183169171639015714147501360612638
012520241           120231158311333112391148112295136711461914902148111451714146
012520242           139101400814037142891495215809157331530114721139301290912043
012620241           114611108910913109331128512161135931469415175154031550715424
012620242           152931520615097151621557516061157681523514678139851312112322
012720241           116801129011067109951110511487121261283013464137881394713982
012720242           139291389013850140651469615321151531469514200136031285912169
012820241           115941119210960108681094511229116871239213195139131447614855
012820242           149951506515167153491583716369162221572415126142631333212458
012920241           119011157011430114731185112750141241511515651158201589915993
012920242           160421604215958160871661117412172501669415974150931398313030
013020241           124381209911934119671234913301148211586616198162611625216227
013020242           161251608016104163271694217749176341718016564156531453113621
013120241           129771260012423124611276313708151901614316392163461631516196
013120242           160891604015937160471651917253171081660815933150181389912920
020120241           123571198711812118031215113043145121543615650155221536115258
020120242           151841529815297154011583916501163631590715195144061332612404
020220241           117851143711258112551156812389138061481315155152651518914998
020220242           148561478114686147971532715944157871534714861142311341512631
020320241           120691175011571115591171112139128351352913824136341315112786
020320242           124591241412736134871455815585156521528014873143261363712980
020420241           124881218912023120001213212479130501355513442129681249312207
020420242           120591205312402133021465715944161321580615232144591353512720
020520241           122281197411924120061242113449150421582815278143531366613217
020520242           129491296213259140701537616606167521635415742149271385412981
020620241           124551216012060121241252113502150611587915510146911408313629
020620242           133181332513520142191538716524166811635415782149561388413014
020720241           124591217412049121051251113474150401578015161141831351913044
020720242           127911288613409140801507016196163081596515393145761356312744
020820241           122111191311815118751226013258147691548514921140751330912600
020820242           122161220012451132861448515686159031560315083143271332812467
020920241           119911162611508115331186012732141861500115206152121488614079
020920242           132291262812688132421424615258152731481914308136931284912037
021020241           114521109410893108431097411358120361259012692124621215511877
021020242           118921177911742121181295013924139731355313065125011181811126
021120241           106261028310085100381014010474110091150711926121081219212267
021120242           125581264012590129831388215036148331403913507130191235411858
021220241           112691094010840109541139712363139361470414355135071301112493
021220242           123561251912971134961439215518157301531914693139111294412105
021320241           115911125511099110871140912159132281412714859154101581316090
021320242           161391593515632155241581116615166681620315541146981366412810
021420241           123001201311892119331233013308148961576515705153651501614696
021420242           144031435514433149221591116958172071689916387156241463913760
021520241           132471292112786128091318714125156311629215753149861445814024
021520242           138021393414046147061563516594166871634415770149861397313008
021620241           124411207711876118851222813108145061531915440151891473814281
021620242           139311382313863142581517416165163171590915389147361387813037
021720241           124591207911884118181196612354130411370714397148411472714307
021720242           140911405414135143701483715734159981566415271147261404913364
021820241           128931261612514124861259612925134581390114112140731361213195
021820242           129571296813318140441493415917161031568015114144111360312840
021920241           123431206311946119831231213045140331453314241137931342913153
021920242           129731293613137138351512316453167531639815885151241418713403
022020241           129391269112622127281317114135154721604415522146771412413692
022020242           133931330013440140441513516406166611650515981152111424913418
022120241           129481272812643127411314114115154611594215272145311403613546
022120242           130911294313075137301493816224165761620315611148531386813036
022220241           124851221012105121671253913458147941538615111145601402313579
022220242           132881325013405140271493115949161311569915106143161332812415
022320241           118201144011252112421151812291135111440014874150681507614825
022320242           143821412014055141801468315364153711488214326136401281012038
022420241           114771112110926108941104211460121031263412962129151271612274
022420242           117911174911831125051373415097156221538515090146131396313326
022520241           128641260212491124831262512982135111364413162126151218511884
022520242           117231166111953127931412115563160811578015223144331347912658
022620241           121181182511674117131201812923143671500214901144901331612484
022620242           120791198912179127281379715076155451513114516137201277611942
022720241           114471119611114111891159312557139771445613830129561214411658
022720242           113711145811822125771360114691150421463013980131371211811192
022820241           106351031310108100661036511185125951355013961141661429614336
022820242           141801410714040140581445215083150601452413867130261210711367
022920241           110121086210918111011162412661142071460414065136051348313504
022920242           134251338813501140651515216370168851662516149153731435213506
030120241           129091258112462125081286613776151181537814662138651318612659
030120242           122461211412251128341393215064154361517114744140841324012445
030220241           118461144311230111181121111546121111259412960131221328113528
030220242           136671366613677138071411314534144801403713518128731211311380
030320241           108031039910154100211006510327107901127711672117121130510976
030320242           109541094111011114391232013385139451361713044122811138310607
030420241           10106 9817 9713 97871013311068124791314913073128161267712545
030420242           123691236812371127751352814498148981452313932130701208411227
030520241           106691037810227102431058211473128711373514015140871415014237
030520242           142461425514272143751469415306153431498714329134421235011424
030620241           108271049110307103071061411493128921360213642134621321213142
030620242           132091335413555137971422614841149601453013943131231215511286
030720241           107391043410268102721061511498129411385614172142881423214081
030720242           139531399213985141831458715159153581503514524137301276111901
030820241           112911097910843108991126712190134631354912744119561144311117
030820242           109011088811070116871273613850144381419413828132791254511850
030920241           113401100910822107761091711289118191243913144135531353313362
030920242           133661333613483138051421414702147911439013893132771253711833
031020241           112881109310898106441055210665109791135711751118931173811748
031020242           118721191211978121751271913590142421448214077133751250111671
031120241           111621084710778108641124812197137321478414806142761382113505
031120242           133021316412802128401336714352150361539615021142291317112215
031220241           116121122011066110851140812293137521454013955129161206211506
031220242           110781087110784110321182213017139961443914072133151233211478
031320241           109161061910517105751095111884134041421213652125821171611223
031320242           108531069710680109731172712851136981413313779130351205411168
031420241           106081027510136101661051911418129551379413399126281168510958
031420242           105351042210420107661153912579133361378113447127051175110889
031520241           10299 9926 9761 97311001410780121631316313502134091320413023
031520242           130271312713156131071332013650138371387713491128671204811252
031620241           106901028510082100241015410537111981176711826114001089410511
031620242           104671038410352103891092211771124681285612596121191146910758
031720241           10254 9877 9663 9567 9607 9863103501098011691121021185311228
031720242           108831081610790110091149212308129421343813163124501157710784
031820241           1030810034 9922 99691034311271127971370613491126731218412116
031820242           117901150611304115281219213295141031458514187134141239211524
031920241           109721067610566106111097811929135011425813830130001225511752
031920242           116441179011828119931272413722144971484914474136631257711667
032020241           111201078410626106351095911820133101418114119133931262712614
032020242           126441252512533128151353214295147061481214418137361274411967
032120241           115671133211276113601178212769143471520014925142611360613020
032120242           126211230612067122801297914173151671569415498148971388513021
032220241           124581213711985120421240013280147291532714757138171301512612
032220242           125291257112509125291312014140147571494014555138821302312201
032320241           116331126311097110441117811539121461285313711144061479915003
032320242           149731478314684146811483615123151551496914442137011290212204
032420241           116441131511181111881132711662122101277113088129091250911970
032420242           113881098810828110301175712859138611460114471137911285912041
032520241           115081120611095111631160312555140701487314636138641317212651
032520242           123071203111837119351253513651146401526614987141761312512193
032620241           116041128111127111471148212362138611469414614142411404613785
032620242           135991368313762139511437814986153121542614953140641294211963
032720241           113751101410817108101113512005135051434014319140581373013247
032720242           124391205711965125461318313967143611448114003131771210311170
032820241           106011025310075100671036611189126451365213988140691416114222
032820242           141161403713926138421415114541145721452414067133061235611456
032920241           108691048710336103511062811380125421347714048143131411113518
032920242           127041196011750117731216513004136371409313905133771260811818
033020241           112171082710623105731068511020115911199411925114531083410318
033020242            9918 9597 9486 97881059711715126131310712973124951176211013
033120241           1041010011 9781 9697 976710057105731114311489110651042410088
033120242            9915 9442 9146 9148 979210835118211258012619120801126810536
040120241           10066 9848 9799 99201030811249127051353113490132411315613013
040120242           128921256411703116571250713083135881410113851130781207711204
040220241           106131029910180101951051911387128371355613430129811270512022
040220242           119221228512308126931328713976143931455814136133281224511335
040320241           107561040210236102451058211476128861385414243143251442414548
040320242           146161466514593147451513815550156541558315136143401327112328
040420241           117431140311214112221146312131133231424014713148021475814524
040420242           142401395813685137271399914406146191488914622138941284711938
040520241           113761102710860108491113911929132101385113673132471314013229
040520242           133291322813059128661315213773140721433314090134651264911820
040620241           112201081410597105271063811011115851206412305124581259012439
040620242           121821184211828119661242113091135351387813679131391241811689
040720241           111361073810521104491053310806112361157411750117561183711702
040720242           114921116210852107451135312383131771364913551129181202311268
040820241           107781050710423105011092211875132391357212742117901109910646
040820242           102941017910543121941151012315130281351513323125721160410716
040920241           10147 9814 9683 97241006110966123101269712024112371068410324
040920242           101051001710073103991109212124128901339713240124411132310562
041020241            9989 9683 9538 9564 989110792121361274112398118481149111344
041020242           113941177212118123401277413389136661378113408125811153910643
041120241           10044 9697 9508 9495 977510610119721290013281134901367813730
041120242           135981354713297131971343613784139521401213633128131179510856
041220241           10265 9882 9679 9644 987510634118961291413468137111371313620
041220242           134761339913259130211316413152131001317313025124241155910752
041320241           10141 9755 9524 9441 9520 9891103541066110826108261078010532
041320242           104231044410593109011143011987124281275912668121151141210722
041420241           10179 9815 9623 9526 9602 9883102281026210004 9684 9550 9863
041420242           103681082110729112311194212560127071277712561118531098510200
041520241            9706 9418 9275 9307 963710443115191203011888114431093010732
041520242           106031080210849110601149412127126811303512921121321114910284
041620241            9682 9321 9159 9184 950810355114581184311370107371030710046
041620242            9953 999210077103401100211947126151299012899121341115910269
041720241            9684 9332 9177 9184 949410331114321180311349106891030010230
041720242           103021046310723111981171112472129551324913029122711131610481
041820241            9944 9625 9451 9435 972210534117221262613063131661318813206
041820242           132141317513131131941334013657137551388113642128821187010977
041920241           1039010012 9809 97571003610774118241247412281114811090310588
041920242           104201051310685108131129812066126001287912745121451132010556
042020241            9966 9574 9349 9260 9333 9648102221091911655120231195611395
042020242           110471097010873107361095611535119351224612254117611109010419
042120241            9919 9599 9461 9423 9552 9861101361017510017 9870 989410156
042120242           104761064810780109131143712170126601303013057123481142010589
042220241           10086 9853 9792 98781028811235124721269412044112681072610370
042220242           10109 9940 9867100891080411904127671327913357126531164210782
042320241           10257 9997 9882 99481032811283125051266511879110321043210077
042320242            9839 9759 9749100371077211841126931320913261124981148310580
042420241           10017 9700 9529 9534 982410644119081274013031130211264312253
042420242           117191127111202115501200812538129561331013392126841174910902
042520241           1037710107 9998100681045111394126121282412182113511073910339
042520242           10064 9924 9856100561071711733126161324513417128081182610981
042620241           104331015710058101131047811343124541257111865110751046510085
042620242            9789 9628 9601 97921043311353121191257612778122431141110655
042720241           10112 9797 9640 9624 979110160105341053110197 9725 9296 9060
042720242            8885 8775 8872 93651015610951115771196712038115481082110128
042820241            9608 9242 9052 8968 9025 9249 9547 989510358106611070010366
042820242            9741 9359 9369 99601109612105126091280212626118541088810019
042920241            9488 9141 8985 8980 924510028111981182711800116601155411563
042920242           116701178611503114471190012621130721329213229123641126410257
043020241            9640 9237 9030 8999 9235 9969112541209812320122511224812127
043020242           117981157011665119071231512851131511330513147123221126010351
050120241            9756 9409 9209 9163 943110257115691240812539124241210911813
050120242           116371151111501116541189712376128151314013195124721139210448
050220241            9831 9455 9262 9235 950510288115181225412301121781187511442
050220242           111051103711119114611203912687130571324813189124261137710414
050320241            9757 9368 9164 9135 939110118112301200012194120281173711403
050320242           109971055610274103611090311660121831248212600120481118010319
050420241            9705 9308 9076 9000 9097 9387 9717 9932 9949 9822 9624 9474
050420242            9374 9430 9615 99671040911078115561186412027115751086810148
050520241            9562 9181 8950 8862 8883 9093 9410 994510565110841136311585
050520242           117161182911867121211254412991131241312912866121021112910254
050620241            9696 9352 9161 9167 946110271115021222012264120151161211313
050620242           112061133111509116791216712943133761360113623128291172510644
050720241            9964 9522 9276 9193 941710080111451158511252108241056310476
050720242           104481058010738111601196112894134721364113601128311163810574
050820241            9856 9430 9179 9102 9306 9971110651190712638129851313813119
050820242           129191280412615126261316313681137991373313529127451162910605
050920241            9928 9509 9270 9212 943510129112461186411687113761133811240
050920242           112311157611514112581175012444128481310213141124351137610421
051020241            9783 9394 9190 9156 939010090112761202711887114141113310907
051020242           108241078310703109481148512048123931257812696121681129110441
051120241            9830 9443 9228 9161 9258 9554 99051008510042 9796 9710 9816
051120242            9977 9951 9838 99801049811133115991192012103116891098110242
051220241            9672 9315 9110 9020 9083 9266 9513 983410190102691014210059
051220242            99801003510053102081065011322118611219912355117811084510004
051320241            9475 9187 9057 9061 937810165113101174311318107351056510562
051320242           105091054510604109841172112519130701327313258124481134110355
051420241            9701 9330 9128 9082 935210066112151184711682112261090410800
051420242           108091101911264117721247513232135421365813677129601179410767
051520241           10073 9647 9390 9336 957610257113711210512259123451259312840
051520242           130401313213046130101321113499135711357913481127581165910688
051620241            9998 9559 9340 9265 947510183114161235512776129071287712861
051620242           127491270012589125381266212981131601323613254126171153610553
051720241            9882 9451 9224 9156 938610021111231181411637111341085010851
051720242           108941111911412117601220412624128131289212925123671147110544
051820241            9878 9395 9129 8967 9002 9214 95981019010764111091130711399
051820242           113071113411106113061165512064122621226312282117741104510267
051920241            9657 9237 9000 8868 8886 9045 9328 980610341106221067410763
051920242           108251087810959111251154212159125401272912748121431114210170
052020241            9538 9153 8966 8948 9224 9955111471188911964116611125111061
052020242           109681097711150115951237613239137161388513846131601192410817
052120241           10098 9662 9405 9311 952610167112541197211964117041151811633
052120242           119821254113192140501483715472156581545415245144281307111854
052220241           109841041510059 98891006410672118251266212897130011320913509
052220242           139031451915145159011669417255173461706216741158371431912932
052320241           119421130610907106911082411400125251340913879143621506615495
052320242           155381494014458145101516315754161681605615980151981372812380
052420241           113881074010289100371012610575115631231512503125661272412921
052420242           130721343913775144001523015886160331566415268145131327512059
052520241           1107710379 9923 9612 9522 9524 97811007710238102461023110346
052520242           105771088411373119271273913452137581370313602130511213611212
052620241           10469 9947 9650 9477 9445 9521 97131002010301104851066311100
052620242           116301219112574131361393814620148641463314500140021307712111
052720241           113221075710370101611015310302106021107311679123031269312981
052720242           131341308113167136721429914795147781460914415136981261611616
052820241           109431049610252101801042311176124721339413731138581398214098
052820242           143861461714877153001591616540166661631515938150221358612256
052920241           112571063610259100541016610694118061251712616125511273813093
052920242           132661341513487136801428715016152941517014959142481297811786
053020241           109581039610067 99241008010639117401255212778127421266512476
053020242           123001224812153121101232712844132531335813349127931174010727
053120241           10031 9584 9313 9220 9416 9975109461144511310110571094711039
053120242           112781150411681121131276213380136551358913422129251193910923
060120241           10133 9609 9270 9095 9097 9193 9497 9791 9998 9961 997210104
060120242           102621054511008117471269613684142081407013788132551225311231
060220241           10386 9855 9493 9247 9237 9187 9332 9547 9815100271035510775
060220242           113681193312447130231403215131155731538615235146601333112108
060320241           112671074410400102331051411139122071304713267132571339413592
060320242           139031432814841155151631217041172191683616293153681387912524
060420241           115391089310459102321035110837119161261712674126241271312935
060420242           133011378214265149021573916398165161612915765149541359312338
060520241           114191081610432102591041110987120991297313291134041360513957
060520242           142281466315358161441699617520174391718116903161261474613424
060620241           124591187611548113681151812116133121437914897151931542315578
060620242           155691571315722159331628916657165311618315931152001399012799
060720241           118921126210876106651079111310123831327013731138991394614081
060720242           143951506615457158321633016696163931589315447146941354112383
060820241           114561067710215 9941 9834 9867102191066711040112301149811889
060820242           120701215012226123811285813380137901373413524131331229311406
060920241           1069910189 9858 9644 9577 9594 98541050511358120151238012546
060920242           124751184711017111411178212801134521351613365128601182110811
061020241           10056 9663 9383 9318 952210131112491194212037119541202412323
061020242           126941306813388137131422614716147811462114349137161249411320
061120241           1050810009 9683 9547 973710247113391204712134121651252612868
061120242           129991320813254134501388114270145331452214405138631266611528
061220241           1077010232 9926 98281000910573116171242412613126061297113444
061220242           136311378813877142181481615319155811545015234146211337012176
061320241           112821061210198100021011710612116821244412661126561287413230
061320242           136831425714872157671669117452175591730616835161441476613372
061420241           123501163211198109421103711554126041353814193146571528215921
061420242           163551642616286165411687016955166531623815866152021418813096
061520241           122001152311074108001065610657109061129711653117831173911725
061520242           116771169811915124331320314077145031436613934134341249511473
061620241           1065210049 9650 9391 9299 9270 9434 9666 9853 9871 9874 9964
061620242           101271037310802114551246813358137311376613746133491231311273
061720241           1056810089 9816 9728 994610497115061239512838130211332813633
061720242           142101494515618162501686417379175731737416974162421498713718
061820241           127451206411609113951152012041131221427914972156001647517502
061820242           184751944820290210972190022537224982188721090200721837716685
061920241           153621439013746132871318913457142911530216167169751805519146
061920242           201542113421957226822327223341227232202821321202861857616914
062020241           156761477714137137311369214088151221639317482184261945020441
062020242           212992232423154237822416623955237372308722149205631875217109
062120241           158511492814275138641382114109150941628217219179321862419200
062120242           196271998520285205692058320150191451825717591168471573014522
062220241           135481284812400121221205812118125061310613856144771492515398
062220242           157991600516277163141619716055156721533515139146501381912858
062320241           121091154411164109331085310907112441185412716134621398814586
062320242           153901610216882179251879219333191891878318297175391629715004
062420241           140771343013004127861289113466145561558915999161031641216806
062420242           171061725517309174751766517909177731725716673159211465213330
062520241           123611168311254109981106611513125571347113950142781478215477
062520242           161931711717935187711970320386203551980819032180751658215053
062620241           139371312812589122871232712763137751484815594161261679517712
062620242           183841938620233207652133021746216022090720085188351698215340
062720241           139701322312696124331248312896137521442614774148801516315595
062720242           161581674617125176251833318892188521825517320162501475613309
062820241           120891128510781104711046410784115481207812144119421189911958
062820242           120561237012743133631423315077154271512314595140151305512028
062920241           112091064510305101291012710246105661115511881123741276112921
062920242           130031282712803131401372114206144551442414462142431368413031
063020241           125061209211794116381163511774120991275513702147191565916689
063020242           176441850918881186231816518026176461717216807162981513313916
070120241           128861217211653113671138011783126641348713881140081426014641
070120242           149451516515308155701608116804172001696916426157511443113104
070220241           120381132910833105891062010985118541262913025132051350413893
070220242           143311495215602163661728118019181741774516959160601472113327
070320241           122491150410999107571079011148120321290113486138491416214633
070320242           150821559215994165761737817813177061720916452156761452013320
070420241           123151161211158109261089111014113701184212306125861292313799
070420242           145931527715828163731665817079169841669816445159781531414383
070520241           135311288312481122841235112737134211417414935155651619216613
070520242           169961763118429192411994420296199721944218943181971707115861
070620241           148931416413685133861328713406137711446015234158481615416589
070620242           170091751417970183491890619487195821927618927183751733816138
070720241           151091427713726133361314413032131931370014464152621615717086
070720242           178231835018981196822069521632219072160420923199981837316717
070820241           154581454813958135991358714012150891635117232180091885019730
070820242           204852129821915225062318223593237352317722465213351956417837
070920241           166021563514987145861455214998159841712418050189041991720680
070920242           208062136522187229182349923728233232274422292211951954017955
071020241           168081597315396150691510715605166841783718753194882032221300
071020242           221042269123020234092367623531231382258121942208771927317760
071120241           166451592715495152521538015994171121823018925192521962520024
071120242           204702113421865225002306223175229872242921654206411892317241
071220241           159771500514359139691393214308153531657117504180261868519590
071220242           202662060820696209682151821836218032143820842200961875617418
071320241           163001546714858144861432114364146541521615975166001706617275
071320242           175391801618206188001961720318204572009219517188271760816329
071420241           151981432413693132611298212825129991361814444152671606516914
071420242           177101839719116200192099721871221002161820860198301827616734
071520241           155771474914168138511393514497155931681617763184531955420751
071520242           217992265323340239102417223708235602319522773217102005718432
071620241           172261625215587152121516615580165901778318533190781977320584
071620242           213492223023058238402466524871246842393623219218052002518390
071720241           171571621715521150551494015240162101740018281189481973120492
071720242           210452165522333231522394223767230302224121523204241885517347
071820241           161781533514789145201461015166161821703717598178691821818477
071820242           189521930819815205312110321269209802034219641186341699415426
071920241           142081326012621121901208112363131211388414248143681458914968
071920242           154501609016723173981816718772188471842917672168761561214354
072020241           133011252711973116001144611415116711222212802133221399614756
072020242           151291552715997167391769618437184051801317639170291597214898
072120241           139471323412738123951221512167123121282213444140461460515248
072120242           159851660317057176721838519094193121895718439175791619414805
072220241           137781301812529122031225612713135581453315171156591630317125
072220242           179251863919227196762000220048199181972819469186421722915851
072320241           148471413613679133971345113977148631576616338165971685617073
072320242           169951704917134172291750717793177621758817329166421548814282
072420241           133801279112423122661241913015139751495615624159521621916383
072420242           164801658216553166371691317091170111694116738161171502813896
072520241           130541248812167120261220312862139101499615728162661678717118
072520242           173351756517749180031831618458183031796317466166101523513766
072620241           126451191011428111711121211635124181323213599136831389814264
072620242           147281544716143169001764918154181581770417074162351499513745
072720241           126971193711405110531091010942111681166212294127731328113958
072720242           145261504015619163241710717788178641743616895161091496213784
072820241           127991205311523111401095510911109871144312058126301334214159
072820242           149571540415702160911673317163171241686416591158301466313528
072920241           126491206311669115161168812330132621411014683150161527715453
072920242           155401565215639157331614416626167231652216333156951458913511
073020241           127391224211981119301216012885139661511315956165381718717727
073020242           182981906619673204442121421714216152094020241191831763316194
073120241           151151438913965137571387614550156011670917591182461887819287
073120242           194701998220373208062115321278210012054120023190701771016385
080120241           153431459314067137671382714343153541657317370180891893619853
080120242           207842164922221228692354323791236592301422393211381941617768
080220241           164171544714777143491429014675154991665317738187421973720794
080220242           217772261822931232242329122781220412157521035200421873617467
080320241           164761573515223149161478614902151961591416843177151842219199
080320242           198172028920733212122199922090214962085920305194021819716942
080420241           159241509514508141311397113971141551466215395163171710117685
080420242           182741877818944191181919019277189131852418234174241621714994
080520241           141031342113014127951292213486144231552816350169281763118381
080520242           191852017020917215282190522240218112138220656194621793316517
080620241           154591471914175138871392914486153781616916652168431699617042
080620242           169971712417042169311677016905167861659516264154591437713260
080720241           123731172611319111171119011695125851334413714138051384513993
080720242           140941418814259143761469615171154211533415203144781336912307
080820241           115121096410606104481058511130119881285813273133841360713907
080820242           141621453514799149431524515524153781515414950143001335512454
080920241           117571132111034109091109311730126911375814604152661582016421
080920242           170971777618230186881909919335191551884518540178391682115726
081020241           147991412513627132941315113286135791417114840155551622416788
081020242           171631748217894184121900619392191881845717710166861541714220
081120241           132841249611875114281115711068111411149612002124591291413418
081120242           140911461915026153481613717029173011683216452155641436113176
081220241           122641156411099108571094011421121901301513401134871372814252
081220242           149131552215713158241609216615165991618715813148811365612501
081320241           116811108510705105241064811177120361283813138131361323113505
081320242           139231457015208159571675217371174291717016737157391441813184
081420241           122751162611205109731105311583123851323613702139231428714769
081420242           153951616716768173811792518317181631775817268162021485213568
081520241           126441195411535113061137611892127141353014126145221490115409
081520242           160721690517647179331789417637173111703016623157121452213360
081620241           124431187111468112531134811885128251360114208144371460914686
081620242           149421539615897163921689817155169531670816324154681440713370
081720241           123651186611479112001113411311116291216212976134761357613551
081720242           135231361013943145091506115512155311533215136144991365912802
081820241           120221149011170110311089511089112911182112549132521369313703
081820242           142631432514315145331479815158152811525615121144781353912618
081920241           119281154711320112241145212214132571421314832153301584716286
081920242           165221658716904175531806718511184011799417434163181496113764
082020241           128191206211496112521117311640124541310613307131001319813315
082020242           134941370913783139501432714679146711462714352134911239411368
082120241           1074110300 9914 9817 995510493113651202812211121361220112435
082120242           126771288813112135271400414597148281469014423135921251811472
082220241           1074410213 9892 9752 990710522113541206012181120611213012478
082220242           128751302813346136591419414741149351482114593137681272211707
082320241           108671033310036 99071009210540114241210712387123741245412747
082320242           131251368513934144511522515878159351554215123142901325212243
082420241           113821066510396101481008510261105411095611305117031204812195
082420242           126741310113597143881519316018161821581915404145731357612561
082520241           115231107210685103951026910318104171074411384117551235812961
082520242           136601422214773154741621716913170261688716451154791426613054
082620241           122491170511329111331124111972128821366714146144561476215342
082620242           159921688017323171211719317294171511692616436153611401712823
082720241           119241135610982107941091811548125471329113674137701390514376
082720242           150201576216489173271823818875188431857117910166661521713974
082820241           129791234411943117401191712636138811476915298158991673217654
082820242           185961924119767202942083421282210732054619727182181639414698
082920241           136191269712152117781176012354132481372913812137261374813902
082920242           140971430414492148211529615815158931567815233143181317211984
083020241           112511067510321101491025210809117251233112525124331235912332
083020242           124051265013000135781434415016150701484114457137101275711812
083120241           110661055210259100721007110151106151113011726121521234412726
083120242           132531371414130143821487915359154551540315147145061370412920
090120241           122841178111377112241114411238115621209912795134001388114408
090120242           149581528415629159891649616972170551687716517157641482813759
090220241           128871220211657112461114111259114351159411835120561215612337
090220242           126921312313435139431461615332153961515614590135301228311122
090320241           10414 9816 9532 9391 957410381113761192211789115131125111285
090320242           113801170412020127611366314555148731475914213131961205011006
090420241           10333 9882 9631 9531 972910417115551213112105119541189511951
090420242           121841256813107138361472715580157511556914993138681264811569
090520241           1081010276 9981 98311000310689118021241412440122711218512150
090520242           122211261813030138331453215263153801524014751137411259511444
090620241           108021030910017 99271011810868120761282113174133261336413321
090620242           132721347013625140771455515071150971501714526136371267511934
090720241           112351069610346100971010010568106691101511436115811170612110
090720242           125971293213234134641380114144141351404013583127891162411098
090820241           10428 9922 9559 9345 9274 9369 9621 9893 9947 9961 9836 9850
090820242           100401050110432110041191412971133471342813009119931100910233
090920241            9655 9278 9104 9062 933510080113501188411720114701128111259
090920242           114221172112243129631362914348145791461514064129181194911096
091020241           10391 9975 9757 9662 992510898116881235212297120601193311892
091020242           120481221312495131441401314865150941500414360127971198611139
091120241           10359 9844 9556 9442 961110345115231201311954116851149811508
091120242           116661198012367130531395514747149401493014311132791210511112
091220241           10414 9919 9668 9551 993410714116501224512313120971208512106
091220242           124501278013215140481484115548156191553614861134601258411600
091320241           108481035210019 98891005610754119331263612695126451264812870
091320242           132041375614391151601591916363162321599415338143031334812014
091420241           113901088310486102261016710341107461119811652118161200612364
091420242           129751368814079146471534815857157321543814763138201266711974
091520241           112981077010370101141001810124103951073811106112171122011442
091520242           119561254613054137911470015484155061529614567134011219611238
091620241           1051110050 9752 9636 981710850117001234612387122471222312350
091620242           125281306013707142871522615947158971579514956136071248211566
091720241           108591035910051 99421023111168120211267112710125061246812721
091720242           132361381414357149181547015947159491588315099137521284411868
091820241           111071058310258101181037811345121371279012953129721296313320
091820242           136431387314292146081498615405155691559315043137521290712016
091920241           113181085710554104121062411312125311317313289132591332913463
091920242           138681414014418149441549116008160221600015483143661340212325
092020241           116091108110767106111074311432126441338713778139541401614022
092020242           138891387913900139341412314300142911428413672128741202811211
092120241           1060510164 9843 9679 9695 9908103921094911471117681184011851
092120242           118861198112107122681245312855131331305612598119991129710562
092220241            9995 9582 9332 9183 9270 9689 96911013410633108921086910821
092220242           108751084110897114051216612985134141349612937116931105910296
092320241            9712 9374 9174 9120 948010613114471201512259123351251612553
092320242           126511265012771127931322113686140521407213420120791138810539
092420241            9950 9550 9344 9283 960610608115911222612071118151186312034
092420242           121221216212182124301288613529139991406813379121311144710528
092520241            9941 9565 9326 9262 961710621116391242212695127861296713078
092520242           130701318113136132181344913862141551407413452126191158010671
092620241           10107 9737 9512 9474 968610475118571285513344136131385913937
092620242           140141409614109141151436814697148551472014075132341219211210
092720241           1053810130 9872 9761 996610759119371272912926126251224112221
092720242           123021256912976134051394114332145011435513759130111210611099
092820241           1046910011 9687 9504 9478 9778102551078711224113111113810882
092820242           109761118111451118551243013035133341328212771121711143210657
092920241           10076 9622 9350 9185 9167 9327 96901015310667109851111411178
092920242           111581121311387117521237913080135731358012936121151113910253
093020241            9688 9310 9098 9069 931010079114101217912182120251178411640
093020242           117651202412378128591350614260146201451013755127931167310660
100120241           10041 9616 9385 9305 956410387116301237312465122921218412104
100120242           119571210812325126181306513679140611398513469125381148310552
100220241            9928 9530 9288 9242 945510206115451232312364121341199511935
100220242           118461192812046123031292213568139431390013300124461140910488
100320241            9943 9510 9279 9226 946410253115061230312380121231192411796
100320242           117361194512090124611321613775141631411013430126811166910666
100420241           10045 9619 9357 9258 945910116114001212212235120701189911766
100420242           118321207612373127061323713633139071370113182124741163010745
100520241           10144 9682 9406 9254 9312 9517100591065711162110681054010261
100520242           102401034710624111561192912751130281284512311116541092810135
100620241            9512 9173 8915 8790 8814 9039 9468 99431013710042 9835 9684
100620242            9673 978310135107621177912827133541323712642118071085110018
100720241            9486 9136 8975 8979 925510072114961253313118135371368213461
100720242           133011324113112132091354414051142731398213349124451139710441
100820241            9810 9392 9163 9109 935910149115631234112056114111092010667
100820242           106351082711166116441242613321138381373213171123041126910381
100920241            9738 9368 9163 9144 940110237117451255212373117641138511151
100920242           110851125511563120011265713400139271382213262123071132610385
101020241            9802 9429 9259 9237 948910325118451263712436118671152411267
101020242           111301121111399118641252413319139211379013228125261150110568
101120241            9956 9574 9372 9368 960110406118491270512517119351135710917
101120242           106241063010865113981227513046134541324812722120831124110433
101220241            9814 9384 9150 9044 9107 941610001105671072710396 9906 9508
101220242            9349 9369 9611102111116312105125631240911959114311074410044
101320241            9568 9213 9013 8944 9022 9269 97611043611186116661176911640
101320242           117051201812209124181288913390135801322112674119031108910293
101420241            9780 9465 9276 9243 946910093110811199212792133381370013809
101420242           136661347913295132151352814086143961410113528126641167810787
101520241           10219 9881 9722 97321007410969125091340013104124551213411918
101520242           116991164411816121531285913830144191432013782129331193011002
101620241           1043110081 9893 99001033011129126481353613271126631228312037
101620242           117581154411387117931271313678142421418913771130001201611126
101720241           105731025210114101481048411447129801385213460125341180011441
101720242           113191138011554120451275613701143011416613745129941200411139
101820241           105951018610055101311035311195126391345913131122831151111044
101820242           107551073410908114321236313198136251344112914123781156110811
101920241           10206 9861 9642 9525 9708101411085011517115811097510349 9916
101920242            9628 9691 9892104881146412357128051257412149115961092810253
102020241            9779 9405 9243 9213 9279 95621010810672108241040610007 9772
102020242            9676 971810059107291181412891134111313712543116861083510026
102120241            9483 9214 9077 9084 943310317118141262012523121311166911413
102120242           113451153411895126111338414007143311398213364124171136610446
102220241            9811 9422 9185 9171 939110165115971244612361119201163211468
102220242           114681170612048126401340314024143411394513364124781145210496
102320241            9869 9455 9235 9224 940910225116691243712451120581170411414
102320242           114041173312123127411351514112144661415913519126621163510681
102420241           10061 9647 9400 9311 952710292116981267712836125621205511628
102420242           115141180411954121751276513462138751356213016122031122810340
102520241            9745 9385 9194 9199 946910265116711268312475117231111310688
102520242           104771058110755113641225513136135121319112675121001133210493
102620241            9909 9512 9281 9195 9285 9597102501091011276110591054810176
102620242           10014 985710028106021150412388127981251612098115921097610219
102720241            9865 9518 9340 9303 9387 96861026910961111561067510159 9922
102720242            99221000310381110331211513265139691355313039122271143910578
102820241           10101 9824 9710 97351011011061126071363313629132931263911825
102820242           113731128611419119491313614134147731437113930131661216611333
102920241           107621041910270102831053511446129501388713877135841335013341
102920242           133651329813268134351395014499146641435113701128521180010890
103020241           10289 9906 9692 9665 992610781121911325713295131841290812617
103020242           123951235512459127701341914057144101403513445126331161510718
103120241           10109 9648 9428 9387 959610443118961275712707123221189611707
103120242           117281201112363129411345713757136011324912951124011156210680
110120241           10116 9736 9513 9445 965310359116611261612997131131299112644
110120242           122081216312279127021329913763138231324712620119121109110239
110220241            9575 9246 9025 8937 9016 9353 99521066111103110421100710976
110220242           109361095011054113191201612829132231289212457119361131210774
110320241           10192 9771 9630 9661 986510338110331134311079106371024710080
110320242           101401048411227122751350014547142211382313249125251170610908
110420241           106141041710362104581090311962134911411014205140581407713738
110420242           134701334713468139141481215446151051450213740128181179310923
110520241           10332 9971 9776 97541007910922122081284112759123631197511787
110520242           118031213212673133081401214710144081387713177123691146910669
110620241           10116 9737 9521 9465 973010572118841241212235120591204612222
110620242           126841319813618139921455015129147781421913549126691164410767
110720241           10123 9700 9453 9374 958910345117071236812362122301222012010
110720242           118181187412268129471371614307140321354512922121711125110457
110820241            9894 9570 9404 9430 977010644120331252612111115311123411259
110820242           113701181712253128341365014134137711330912793121391138410608
110920241           10065 9817 9660 9616 975710209108751123611038106421026810119
110920242           101331043511078120981319813913137041336112927124421179111203
111020241           107651047610363103181043610796112561158511485110941084010749
111020242           110141139111908125971361314138137651326712621118461106010324
111120241            9832 9497 9317 9302 956710254113541214612298120961176511707
111120242           118701223812626131181390814560142081363612956121111116410319
111220241            9810 9478 9312 9340 972510607121211269812449120471199111929
111220242           117891201412502133371447315299151321474314159134031245911524
111320241           111041083810697107971119212270136771416413509126401212511798
111320242           117311206312751137651490115724155481521914728139191294512118
111420241           115871127811166111981158012545140421448413707128641231712019
111420242           119571231513033139671507115695155761525514753139751304312200
111520241           115661122911100111981156512464138641437813734128131219911853
111520242           117561198512492132971423014793144831399613503128721209511248
111620241           108021043510215101381026910672112731165511552111991087210649
111620242           106151086811426122261314813715134661303712608120671141910790
111720241           10294 9972 9782 9752 989310213107521106910872104501017410137
111720242           102961071711453123651353114234139551347812899121301126010526
111820241           10080 9797 9682 97241014311120126181348213401126181207711770
111820242           117491208512625132881421114933146721417013504126501166310826
111920241           10270 9962 9821 98591021611185126761329012795121051168511453
111920242           114201179612457132461434015041148641443513809130271205311151
112020241           106181030910146101891056311526130331364513328126371216311845
112020242           118201215312691133701433215009148221439513781129321189010990
112120241           1042810040 9862 98441015311047125211345613829140961428414316
112120242           143751445814415145621507215342150631463514062132501224211360
112220241           107751038010190101671045611312127411358213637133671314513068
112220242           130881330213530139191469114986146501418013650129851218011378
112320241           107711037010133100441015810547112181197712748132881358913688
112320242           135071333313332135921433714718143981391813470128681213911395
112420241           108581047210263101721022110520110361149311731117441169611732
112420242           119701237612905134561451415138149141450613963132001232811524
112520241           110261076110678107521117012176136751440113895130901256212249
112520242           121891248713090139051490715555154761516214633138651285712032
112620241           114451112310996109981133512184135991435214495147971511815321
112620242           152871514614886149121543115837156461529714775140131306612162
112720241           115141114210995110141134512184135061427214082135251317612918
112720242           126371275713260139881502215427152251496714561138991298612092
112820241           113921095610654105021058810953116091242613429144011517015586
112820242           154491483114161136151350413299130071285812695123511173511133
112920241           106791039210267102961055811111118701235712393122911217812008
112920242           121481250313000136621453814953147491445114057135111271812011
113020241           114711113610969109821114411549121981272712735124221216012043
113020242           121991262113284140251497915443152641497514616140811335412635
120120241           120541168011515114811158811936125091299013189133051299212711
120120242           127711309313759146121589816557164181606715509147281373212915
120220241           123801208812007120791250213540151631597315530147111413213839
120220242           138571419414731155051669117355172241689916311154251431513393
120320241           127771244812331123881269613772153561614516000154191459014136
120320242           141031434014783155141665917311172461691016297153851426113309
120420241           126851234512199122351264213682152961612015686147161404813695
120420242           138371455315200158101673117165169591660115941150181384412832
120520241           121841176011617116141194612804141611515615659158321567115543
120520242           153531532915498158301662417112169041654916036152111414213177
120620241           125111216712010120631246113387149161584115792153591492814555
120620242           144131468015257160761711417481172191688816447158111488314011
120720241           133031288412641125781270113097137761443514827145921406913616
120720242           134861366914170148831590716360161521578115349147301390613105
120820241           125141212111874117771180012002124771308213781140901377513354
120820242           134471385214182145671551116066157651530414691138651282611968
120920241           114511115711079111791162712666142181515115220147351433914213
120920242           144431493115174155541640116885166541615115434145001329112302
121020241           116621129611114111381153312505140341506915423156481577915805
121020242           157421576415791160411684817263170211656915908149541373012686
121120241           119581150811303112681153212372138281484215331155801567715694
121120242           155501551615393154791602316278159011529414550136371251311557
121220241           109241059510494105941103612011136081455214350138091372613703
121220242           136301375714255150931632817107170691685116376156391460713659
121320241           130421265212499124701279613679151671612915832149951436014040
121320242           140101439015003159391710817555173541708316713161211529714417
121420241           137571335013161130911322713685144291516215193145741397713569
121420242           134411363014258152281639616987168451655416251157661504214302
121520241           137581337913198131571328113635142261482514864145171429714158
121520242           141631451415060157721690817441172561689816331154441430713298
121620241           126321224512054120691243913383147971576316080161011591615760
121620242           156541557015644159731677417204169381642615736147211349312391
121720241           116101115210887108141106511899132661419014243138511324112700
121720242           124811269213192138401489815655155561519014706139091286011908
121820241           113131098710847109111133712358139431487514650139531332212992
121820242           128611317713664143731552416137159331556515078142601316912145
121920241           114761105210841108471119712138136441462114437137631334913276
121920242           133081373714347149981609016702166091634715951151751414413188
122020241           125061210611921119061223413121145651556415919160821625516378
122020242           164531648616544167851741517754174511702816529158171485513924
122120241           132441276612509124291254112960136511444515247157561588415785
122120242           156791568415834163071725117833177381746017132166191586015071
122220241           145701419314008139701408714493151331588816444165811646916299
122220242           161841620316552172641833319030189931879818413177181678015895
122320241           152821492114780147831510415885170211798818259181241771217340
122320242           171871718217265176751853019038188291850218007172161611815035
122420241           141921366813341132001334513904147741566116494170461729917237
122420242           166991608615871160841671116888163051577215437150471451713850
122520241           132511283712630125521268113064136701438614760146461425313963
122520242           137791368913921144501529715751156041546815264148481416913498
122620241           130261271312572126181291913614145591541615854156551521914798
122620242           145141453614900156001670417464173231699016561159081499314176
122720241           136591332513187132261355014275152811614416263156861513314691
122720242           144391450014866154801647417093168211639815950152711440413543
122820241           128701242512178120511210912386129091350714162146671486914895
122820242           147351457314604147731539415737154331496314489137801294412134
122920241           115081107010822107231078211059115351208512606130331332413620
122920242           138351384013866140971485915307150161450913933132001235111482
123020241           108471041110188101421038311054120061290613571139511409913909
123020242           134521321513361137901460815296150761461714162134481256011715
123120241           110951071610542105441084011541125911337813419128701253212201
123120242           120911237712957137261476015334149151428913733131801255711961
