010120201           116561121610915107881088811228117051204512374126551294713189
010120202           134051348613601139721505216012158251538414779139471290211994
010220201           114171109710994110821148312497141471512015218150731490514578
010220202           142021413014293147171569216559164011592515270142921306711987
010320201           112711085510658106361094811853133491433214622147691488814801
010320202           146761467214597146641531715803155231498914392136341267711716
010420201           109931054510300102141032010676113171204012841135511400514259
010420202           143021421714119142161479915206149451443713965133131263311846
010520201           111601070710492104351056610863114071201712645131511352313718
010520202           138031367513728142081533416370162541581115201143341328212390
010620201           118151150611417114981194513052148341582415966158941587515973
010620202           158071563215509156241636617257171421670216007149961378012740
010720201           120641170311539115851194612992147301565515642153301494314622
010720202           144381467814819151371605116871167371628115597146531344612399
010820201           117341137411221112711166412737144591540815454152381501014680
010820202           145481469414837152731619617144171081677516215153901425013298
010920201           126991241912343124171285713949157261664316515160431566915348
010920202           151131512315331158211682117683175991727216660157001448113439
011020201           127611237512182121551246613386149821586815862157051567215636
011020202           155061545315195151011560016073156951515514517137351274011765
011120201           110451057810299101891027610637112791197512654128781273712562
011120202           124931239212490127941353114158138711337812876122521150710724
011220201           10055 9649 9408 9316 9376 9611100581067611444119941209212146
011220202           121351209012229126461350814593144581403413471126971179510981
011320201           105101027510220103421080511944137681488015102152491540115492
011320202           154771548415428155261615316788165781603915347143331317312142
011420201           114221103510876108861124712307140261503215174150991491714871
011420202           147421477014802150361576416455162991581415126141741297611958
011520201           112671085910686106951105312068137731464814514141791394313783
011520202           136751365213701140551489415918158941553514960140921296611975
011620201           113291097210820108731123412221138591488615124151351486314618
011620202           145321456414642149501577216763167261635515810149711391213031
011720201           125081224312224123631287113980157571676816821165011615815871
011720202           156401562915792162811714617957178361752817029163761546914562
011820201           139091350813297132491335913731144401521715942162141619116306
011820202           162621621716260164271702717665174481690916258154511444313474
011920201           127221224611988118671188812121126221320413846140981409414062
011920202           140251403514192144611516516056159481550815021143471356312870
012020201           124101220012174123091269913569147851575116292163691624716070
012020202           158351574015793161361700218097179841761216980160201486413923
012120201           133591307512979130831352714619163931732017157167541637516072
012120202           158521587215959161771689617993180381774217146161841497813999
012220201           134111312513018130971350714578163371723517023164501591415449
012220202           150771492414943152801610517302173561699316396154691428913323
012320201           127321243412325124271288113963157501665916390157541526214917
012320202           146671463014710150291580316793167311635915733147991362012655
012420201           119941167511523115711198312997147251567915499149601449314130
012420202           138661382313775140891487115775156391523714738140411310412218
012520201           115501112710915108571099011371120571279013561141091438314487
012520202           144841439414344144521490815357150561451313927132181236511541
012620201           108861049310288102221030310612111671177012305124531246612551
012620202           125871264112880133001412515247152601482814211133571230811467
012720201           109251064710559106481107012130138941479214781147161452214292
012720202           141831429914416147221538016281161981569914988140001279811825
012820201           112171088310741107841116912205139561484114847147281481414932
012820202           149491500214989151601576716632165831613015476145031329712347
012920201           117321138811267113171172612816146011548415300146581415913806
012920202           135451353613696142631526316510166961640215860149651382212902
013020201           123611207212020121231258313680154821634115954152421471114325
013020202           140291397914157147361565616804168881655815992150881391612961
013120201           123731205611951119951237713428151401596015533149211458514363
013120202           141921421714309146111515715942157991536814810140711311412199
020120201           115741119310992109461107411490121871289213643141231435314401
020120202           143201417514105141891458515177149951453914037134101261711844
020220201           112331085510642105671066010960115141214412810130221301513158
020220202           133901347013553139581469815668153691459714026133921266511849
020320201           112461094010836109141132912372140501494914816143471420514262
020320202           142581412713932140491471515848160071561514966140161289811959
020420201           113841109810952109961136912366140411490115024149461487914725
020420202           145521451914165141781480515805159131547714813138101265811635
020520201           109641063910495105321091811951137141459214637146781472814478
020520202           142401413114050143661500316121162751595015384144491328712309
020620201           116601130411171112521168812682142301519815614158231594215953
020620202           158041576915632155931595116600164481599015316143801325212255
020720201           116191125511069110711140512334138591489415352155681571015713
020720202           155111528415018149151510715802157811540814931143201348812699
020820201           121451183611687116771186012313130571371114094141031393113821
020820202           137521372813790140321466715714158601552515106145311379013082
020920201           125471223412075120431219012529131001364014093141851410714114
020920202           143191432714372146671528716220162581575915092141681312912201
021020201           115581119611073111041146712494141621508615342155121562315595
021020202           153461528415091150931553016326162771577515055140301287411898
021120201           112521087210736107661113612180138931486515122152521537515383
021120202           153191530715187151261539016158161931574615077141391294711958
021220201           113151099710886109701140512468141941491114598141781390213489
021220202           131951333313590140001472115821160021563415036141241295811977
021320201           113691107310953110341137812349138851488715288154381555715628
021320202           155881550115319152371546316170162321579715220143291322912294
021420201           116651132711205112851169012750144511529915320150631477214489
021420202           142311420314305147091559416630169911676916416158271498814185
021520201           136391330413179131741335013776145041507815253151001479514450
021520202           140661376913800143071509416097163341597815504148841403013230
021620201           126121221411940118091185612078125401302713538137711384313890
021620202           138831369913481135741412315104153551491414313135881274912013
021720201           114851122511123112141156012355134971411814037137501352513309
021720202           130711298313041134041429115544159581557215025141981319912365
021820201           118141150911411114591185412822142551517215524156251582515933
021820202           159431598115941159331622516791166431610915344143681319312209
021920201           115371116710972109771132912282137981458114395140031374913528
021920202           132921324713306136971458915819163271603615517146861365212769
022020201           121931189811791118831231113337148821558215250147851454814448
022020202           143911446014580148031544716467168341655816118153341429213424
022120201           128771260212529126521307514113156361630615998155131505114672
022120202           142881414314124144321519916207165521618415683149911408213213
022220201           125881219712008119541208412512131981363613653134121307812727
022220202           123601209712094124761325214297147831448114066135151279412081
022320201           115521126111114110931122011550120751242012426122191199011752
022320202           115391140811504120041293914148147481449213948131381219711420
022420201           109321072710654107821125812395140671464714093134321300112688
022420202           124631243612539129171363914717152231483614197132621216311229
022520201           106391031610170101831054511592131991403814065138371368713623
022520202           134441343113461136481413414983152391483614194132821215311197
022620201           105701022210066100881045611468130911397114079140401403013978
022620202           138231377513745139301441015159153761497714365134801236011410
022720201           108001047710333103671073711703133031426714512143911405913755
022720202           136141363213641138181453015590161411588315386145351343712494
022820201           118821155011426114701186512885144431500914758143731405513788
022820202           135511353413711140551463915477158361549315012143281342512585
022920201           119831163411455114431161612046126741318213399133011329513490
022920202           135501329913244135661413115089156151534614971144211370212969
030120201           124051206311901118631199512287126391299113254133341325013053
030120202           129041267412658130731388815118158881563615132146031370512546
030220201           119891170511586116301200512944145971512714842145521406513816
030220202           135201320213139132731398414993154421506714437137571256711292
030320201           106421029810132101401048711502130581357513198127491243912288
030320202           123831261412820130581361814468148671450013901129511179810855
030420201           10252 9940 9806 98501024911306128861355913426133221326313080
030420202           129071288912834130211367614628152421496414385134841235211421
030520201           108231051510389104781089311935134661389313431129721269412463
030520202           122501218612239126081333114342150601485114346135441247411557
030620201           110081073210635107031110512151137041419013709132541306313141
030620202           133261367413872140621446015076152061482814334136491275311902
030720201           113141099610814107901097411448121561281013066129631274212457
030720202           121141183411801121291290113907145821430813909133371259111860
030820201           113501120411057109051093911117115781203312333122801220911969
030820202           116761132011201113331177812623134711410913781130271204311100
030920201           1048110138 9984100071034311319130451399913789132431289212522
030920202           122071201111918120181243113151137461423013718127871164210604
031020201            9938 9557 9377 9363 968910626123291332813448132871307612820
031020202           126661286912915128461312413655140991431513745127941164410609
031120201            9936 9558 9370 9348 968810639123841336013222127371239012205
031120202           120351210812414126771281513415140671448714038131351203011033
031220201           104271012910029100881045711463131671413414193140911400613888
031220202           136191351413375133521358814026145101486514368135231240911385
031320201           106821030510129101261041211263127071374914258145451476514803
031320202           146561445613842132481321713536137691409413669129811210511240
031420201           1060210203 9993 99481008610476111871178512131121461196411690
031420202           114221130111266113711183312641133461369513263126141180010999
031520201           1038610010 9819 9755 983110106106391113811545117261155811417
031520202           112411102110871109831156012493133031394013627129441213211335
031620201           108141057210509106251105511990134221435114380139331357913304
031620202           130721287012699127551324614102148041526214756139051285611900
031720201           112321087610693106831096311736129621400414733151021532315347
031720202           151861507714773142531435214637146621477214204133391235111450
031820201           108581052510377104071073911551127961360313597131021274112464
031820202           122411205311878119381244513317139241429313745129041192811052
031920201           1042710098 9940 99511023510981121731325714024143921455814628
031920202           145401442314213140521418014543146811464013990131371215411228
032020201           105831021310019 99671021010890119981294013600138551393713925
032020202           138371349613383129781286513143133921371513182123321143310531
032120201            9844 9451 9258 9207 9335 9710103301089511383114891136911179
032120202           109841067910499105331107312059128961350113181125431184311144
032220201           106321033810210102171035410647111141149511654116271155311527
032220202           114691121711011110891169312715135241419713817130801225811481
032320201           109341064410550105811087411644127871375214312145531479914892
032320202           149341512615142151381541415812156241536014682137501278311887
032420201           112561087910680106351085411510125371339013852136581323813040
032420202           128861276212684126761283513433138401421813759129701209811286
032520201           107251042410276102821051811190122401308613648138021388413946
032520202           139621388413672134931368414281144931457513958131311222211387
032620201           108121051410363103781066311378124521317613193127481234012057
032620202           118491161211431114261182912661132541370413304124831158110754
032720201           10150 9785 9599 9538 975510361113351210212328119811166111509
032720202           113441108210836107901119712030125731301712698119591117510439
032820201            9870 9557 9424 9424 9582 9950104771084611058112131142511554
032820202           117591173511761118211234412902132111325612700119681121310473
032920201            9897 9516 9320 9232 9274 9483 98791037611135119141253513112
032920202           134851353813469135201377214062140101381713198123501156310797
033020201           10225 9914 9754 9743 999510639116241264413396136461380413908
033020202           140171391513827137221391214428144901443013879130011217511224
033120201           106291027710113101171036911024120391282213270132611305312772
033120202           125301228811990118281215412909134741391313642128951204011231
040120201           107331039710255102511051011150121501289313014127141249212543
040120202           126461258412417123531256013275135501384713498127591195611008
040220201           1040310077 9944 99361019310823117861261113122131421299112828
040220202           129071298812930130121336813919140601406613589128481197311123
040320201           1052710143 9951 98961008110675116131250013222136281387313965
040320202           140441388113621134331357613871138791382413365126021177810969
040420201           10356 9961 9754 9653 972510004104541092111435118041186611750
040420202           114301099010734108081124111984125691294012638119581123410502
040520201            9957 9549 9340 9241 9285 9495 98331020110692110701120811286
040520202           113391118411086111621172412523128531291012495117451096210215
040620201            9666 9359 9245 9251 951410208111651181711868115541128711136
040620202           110571087810706107161119512121126711305112801120151114610335
040720201            9779 9437 9288 9271 949510156110361169111773114961120911102
040720202           110681089910738108181136912158126201294512672118841102610210
040820201            9655 9311 9131 9095 9317 9899108331176412464127421278812668
040820202           125121221811845117931210312660129001310212853121111128110499
040920201            9923 9574 9418 9399 962310230111021189012644130901349613822
040920202           140681412214027138511376713885136801366213331125031160010786
041020201           10182 9807 9624 9606 978810364110921156511753118071186812050
041020202           120841194611876119851235712977132691338213091123981160610847
041120201           10275 9901 9691 9614 972210039104081063010748107521076910875
041120202           108481062910450104731093911724123171273112665120331132910632
041220201           10074 9733 9557 9516 9618 9888101841037010382103391025810237
041220202           1045010573105121067111157117291184412069119581130310576 9831
041320201            9284 8944 8767 8740 8945 9584105261151412436130461350013717
041320202           137871366413393131411328713493132231295112471117051087410094
041420201            9517 9193 9024 9020 9250 9902107481138511586114951125611201
041420202           112411113911049111131146612088125071289212708119341108010268
041520201            9703 9360 9186 9161 939110042109581186212368122861201011781
041520202           116551143511228111681146112237127031304512984123271149410731
041620201           10215 9894 9708 9668 990910578114411220612450122631227712339
041620202           122881203511780117071201212727131041343013375126881182911051
041720201           104861016610033100501030610961117461222012209120531191811819
041720202           116661141911334114641190012516128721310212906122181145010682
041820201           10110 9788 9642 9607 971910027104671105911773122931261312900
041820202           130081293112757126261276113110132131323413014123851168210974
041920201           1042910080 9893 9840 992910163103811048210482103581020410063
041920202            9877 9666 9582 979010488114991206712341122031149410706 9953
042020201            9408 9089 8934 8940 9190 9821105881132711763119071195212085
042020202           121341183011281110901151012262126171284512823121421135010595
042120201           10088 9798 9679 9714 999310632114221199812174122241254013057
042120202           133031340813288134001365513933137161351513339126501180811050
042220201           105391023910110101441042611082119341254012770128201284512845
042220202           127851260312344121581240913092134361366113691130071213111310
042320201           107701046810298103221061911287120561247212443122291217911974
042320202           119581185011546115331209212734130151318613051123971152910721
042420201           10145 9791 9598 9581 979610367111781205012714129771313013218
042420202           132771313912836125571268613022130861310412980123331154410765
042520201           10189 9846 9638 9609 9723 9990102981055410735106861028810036
042520202            9837 9571 9371 948710014109181151811905119871138010684 9988
042620201            9446 9083 8903 8869 8931 9121 9358 977210330109021135511728
042620202           119611210512200123231275913296133461320412830121171131610577
042720201           10034 9697 9545 9542 979010436113851240813237136341383913996
042720202           140411392313725136461386114254141511398313636128961199811086
042820201           1045810082 9868 98531008010686115311226012481122931215611991
042820202           117771147711262112451160112303126861284412846121811130510501
042920201            9945 9638 9477 9502 977410415111851167711652114131125411192
042920202           112631122611216114001195612890131261307912770120341114210317
043020201            9735 9396 9219 9213 942810016109471193512735132391356313745
043020202           137821369313326128951301413381134021329812994122461137110502
050120201            9891 9519 9298 9251 9390 9908107171165512395126141271412828
050120202           126541227411945116821174412162123301237412308116861091210162
050220201            9536 9132 8877 8802 8865 9105 9398 9572 9666 9671 9616 9578
050220202            9487 9294 9220 953310224109501142711610117661118710470 9735
050320201            9159 8763 8534 8430 8435 8556 8729 9018 9396 9629 9749 9729
050320202            9706 9673 9658 984210376112231176811955121491150610619 9779
050420201            9191 8815 8591 8548 8699 9209 99571068311001110741113011356
050420202           1182912061118581180111992124831255512430123481163110738 9916
050520201            9343 9016 8828 8823 9043 9598104111105011255110611089010881
050520202           108551073710603106001099511751121851229012405117611089210085
050620201            9525 9202 9072 9104 9363 9928107001125411473114751150411550
050620202           114391141911391114621196312675128451278312560118651096710165
050720201            9604 9275 9102 9103 9350 9910106571122511273110641104111251
050720202           1131311172110011092311100117321208912199123141168710823 9991
050820201            9396 9059 8855 8851 9068 9588103141091211158111981132811320
050820202           113551155311777118651209612572127131269312473118091103110245
050920201            9710 9375 9213 9185 9299 9607100361059511190114491145111378
050920202           113671128011118111101140612045125051272712911123741164710888
051020201           10339 9936 9716 9644 9694 9830100221023410429105091065410788
051020202           1064610220 9902 992010385110631149011720119031140410662 9929
051120201            9377 9065 8947 8989 9267 9850106241120211412114341169312101
051120202           125701257212278120911232912879129411278612574119271105210226
051220201            9693 9367 9212 9243 949810075109021146811655115761158111606
051220202           114731126211012109671133712093124811259712711121021123210404
051320201            9877 9559 9455 9504 977710363111681165811715114581126111187
051320202           111071095010752107351112111885123441246212566119861110110285
051420201            9743 9398 9259 9285 955710122108991135911429112131103710932
051420202           1087510759106871071011100118221222112306123821175010828 9961
051520201            9344 8973 8765 8732 8877 9337101281098811563116041149711471
051520202           115971179311861120441239212905130071288112778121701134610523
051620201            9871 9440 9161 9022 8990 9048 9263 965710083104491055910557
051620202           1048810344103031046810846114311180611853119051140110635 9857
051720201            9237 8832 8581 8485 8482 8538 8715 9055 9539 98951001210112
051720202           1014710108101021030910770114981181511874119711137410503 9673
051820201            9108 8736 8549 8503 8689 9221100801106811789120811220412194
051820202           1217212113119231175811856122901243012386124291182810886 9983
051920201            9380 9016 8805 8745 8953 9398101791080911047109571088010893
051920202           1092110863107311077911211119391229512298123621176610838 9945
052020201            9348 8979 8790 8780 9001 9471102461087211102110251095310945
052020202           109551091410832109091132711990123821237412399118561091610021
052120201            9408 9046 8882 8863 9071 9562103541094611195111421108811127
052120202           111721119511183113081171212362126831263612633121321112510199
052220201            9524 9109 8878 8811 8963 9334100941079911270114071152911737
052220202           118441191311966122011269013278134681333713285128571192410985
052320201           10235 9730 9429 9259 9248 9309 96081009910656110081119111366
052320202           1146911319110231088911085115401173811682116921125410496 9742
052420201            9141 8737 8511 8392 8413 8453 8662 8942 9233 9412 9472 9516
052420202            9506 9400 9404 961710131108851133611404115481117410445 9712
052520201            9091 8700 8491 8400 8484 8639 8958 940310010106041099911186
052520202           1126311093108971091911279118501211512124121901169110783 9920
052620201            9322 8928 8720 8680 8885 9362102651119911890120511216812393
052620202           127121299813265135961408014740149011467114487139071275811607
052720201           1074210191 9849 9695 980010179109941195012640130041333213794
052720202           142991473915153155091594016367162731585015609148661365312415
052820201           115371093210571103811048810878117061274913562141101454414928
052820202           152781553615604156581579916030158921560815390147381363112551
052920201           117791121110859107141081711241121481319814052147221512515447
052920202           157961602616227163281643516593163921597915650149501391312816
053020201           119501133510948106411055010604108681141512127126591296513192
053020202           132351327113403137201426114873149841457114165135701254811523
053120201           1068110076 9672 9400 9265 9141 9297 9521 9834100861023710396
053120202           1048610507105721083511379119951225012158120801163610740 9894
060120201            9283 8845 8647 8614 8838 9328101761086411202113041147311777
060120202           119451193511838118241209612704128381262412495119381100110104
060220201            9471 9077 8863 8814 8999 9436102631106511636118081192112112
060220202           120881199712120121471242412887130171295912797121721124710327
060320201            9718 9309 9085 9019 9192 9658105341149012152123271262613186
060320202           139141423414053139431432314946150891483914686140341292111799
060420201           1091810316 9951 9772 983610217111851224713040135191397014494
060420202           150961565716042163911679517117169521652016234155521430613054
060520201           121131145611036108141088911289121531315613949144201473315053
060520202           153401544815612159411638316785167661638216035154761442913261
060620201           123141164311213109501086710942112771194912798137141449315179
060620202           158381629016670165531613816245161601565015144144571316811948
060720201           1098010290 9812 9519 9400 9308 9466 983110340108421123411586
060720202           117751177111729116971202912578128211274412689122741136610448
060820201            9746 9301 9056 8962 9135 9573104781138511921121381231812516
060820202           127411296713172134821407414801149861462914214136051245311336
060920201           10479 9968 9673 9542 968910150110491203312750130731336813730
060920202           139751415514467149611550915968159281554215181145651350612399
061020201           113151070110301100881017510551114121238313060135131377614170
061020202           145891499415391156701598316210159681551615184145651347212384
061120201           116221111010815106851082211301122941346114403149511535515558
061120202           157141579415733155771560515781156211522814907144311341712376
061220201           115851102810693105111057610972118571292413721142051462915035
061220202           153421563715898161151643116651165121591015296146611343712202
061320201           1118710464 9973 9663 9538 9468 97721023310740110831129911496
061320202           116381171711835121041248112930130411274312538121581130210425
061420201            9705 9214 8891 8730 8700 8670 8862 9212 9678101111040710672
061420202           109611109111182114061191712612129061278612683122541132710366
061520201            9694 9268 9044 8978 9172 9661105601146111999121861236712627
061520202           129441319613214132591349513909140241377113513130071190610837
061620201           10063 9587 9314 9217 9348 9753106541159112181124461263812861
061620202           130751331313524138361435514948150651467314189136301249511329
061720201           10444 9886 9614 9326 9504 9912108301187112372128321307913424
061720202           138211415914558150691575516420165081604115462148911371112486
061820201           114211086410513103551040110759118671284513676142311482315504
061820202           162301696517519180411856019006189701840217758170551566314279
061920201           130931237011893116361166412049130911426415262159351665917357
061920202           179751856218947192241948119688194351873817966172611591414520
062020201           133601263511912116171147511403119081281713966150201602716964
062020202           176511813818591190421952119892198301919118494178471651015134
062120201           139381308612445120621174811596119191272413890150641612317088
062120202           178081827218638190251931719454193191886918388177791630614899
062220201           137301299712499121971227012654136461485215702163901707117744
062220202           183981893019357197642015320473201001936018582177281619714687
062320201           136261274012293120311203412459134961466315694165761754518618
062320202           195252022620673210002129321519211632041019548186541709315465
062420201           142071352713052128171289013368144201562616649173771798618467
062420202           189491954419685198092027620716203781955818510174721590214281
062520201           130461222311767112981140311685125851361314523151841572116366
062520202           168721731417682180841859518964188591819417408166961534913886
062620201           127931205211563112971126811580125001370814699153961608816774
062620202           173081777118017182351842918627185601785817087164321514713774
062720201           126471175111234108821067010655110811185512824138381469815514
062720202           160391595815735154961541215538153881513314920145211364812682
062820201           118631121010833105641045310353106911134012272133011441215477
062820202           163781682917042172491740517405170181637515884152551417313110
062920201           123891167211286111331128511809128551397814725154081594816351
062920202           166831685216839166511640816455162351576415335147001362912716
063020201           117131115710819106651077711186120921327214075145761492015209
063020202           154121551715306153171551915791156541523514903143681332812225
070120201           116011105410696105511068411144120911312214018146481510415504
070120202           159331639916659167651686817001167681624615839152511410512856
070220201           118901126410844106201069311103120141314114099148901563616495
070220202           173011813518869196042028020774206141984919097182031674415266
070320201           140951329912771124571239012539130761375814516151041551015906
070320202           160201601516059159391589115812154771497214624141561324312268
070420201           114511084110472102431017810203104501101411720123181286313413
070420202           138471418714568150251556016050161391566415177147031397413032
070520201           121181145911023107521064410618108071129312012127831348114272
070520202           149801564316292169651765618180181841768417268166501537914021
070620201           129091216611707114561153711942128781396814853155291615516719
070620202           172241765817937182901860618799184561763716861160691473613407
070720201           123601170111261110321110711565124601345314189145971500415385
070720202           157731618116347165171681717072168771637016011154421433713199
070820201           123551180111466113461152312108131521438515384161621691817759
070820202           184581921319758198531987820056196941899518389176821629114890
070920201           138591315212710124781256713086141611552816697176191861919649
070920202           205882139921864222192241022660224232174320895198981821416517
071020201           151811424813666133491337213783147431591516918177421856919371
071020202           199692028220229200952000119805193761881218397177451659515372
071120201           143891370413244129581288312986133751421115321164541748518476
071120202           191681960120011202882055120636204201976319263186141741116135
071220201           150621423613624131801291712752130091377914851158871682617555
071220202           181971855818941194812016220872209622035919685188871736315831
071320201           146421383213317130421309313561145151567016608173551804018906
071320202           198272038220312204682079921064206841982219034181021659515095
071420201           139621317712649123191234112738137321497315917164941700917472
071420202           180181844218527185531870418661182701757716994162261495613676
071520201           127161206111634114151148511937128491384414574150041531315578
071520202           157941601616059162421664217114170871651115993153561416112909
071620201           119941136010964107391083311274122101323613918142791461014940
071620202           153321571516034162631651916638163211569715303146771352712383
071720201           115001092810569104261055711089119861299813802143191472914956
071720202           150611508715007149861514415560157661563215491151521418413125
071820201           122591166111274110231097811050114641233913463145961569416695
071820202           174851810518682193221997720539205301978519065182831692915519
071920201           143391346312818123791213812030122841315014403158241724218583
071920202           196532041421043216672230622810225402184921260203091869317147
072020201           159711517514657144021450015015161191747018592193422019521241
072020202           222682317323672239212402724325240292333622373211161921417372
072120201           159081488614135136531352713810147701610817255182411916519960
072120202           207242145421863222802269823030227762192520939197591794816256
072220201           150151412213527131931322813758146941573216505170891764418184
072220202           187491932719904205462105121325208252012319535184451700115602
072320201           145921386513410132051334113927149641618917226180651919720430
072320202           214042191621968220532178621386208422018819639186831719915768
072420201           146621389213348130441305913487143261534416209168201736518050
072420202           186231912919420196251977919886195531893618366176141626714857
072520201           137371291712348119861182411830122201312714283153921645617475
072520202           182931878819243197222021920630204671987819284184761712815736
072620201           146621387413333129591275812672128961368814893160881724118235
072620202           189761961120267209972151121780216542109520627197271816216617
072720201           154181459414051137551380514295153861690218306195212074121903
072720202           229532383324398247302479725121248262418823433222582048918819
072820201           174841658315960155911556515977170351864520172214402253323396
072820202           240772461924776246842455524502240962306022014207101884017095
072920201           157161473414033135521342313718145451574916848177851876819813
072920202           207272146821997222612266322958226652180521055199521833316791
073020201           155811479714240139111392614445153861655617468182781933420418
073020202           213432191622384225962247222247215712074620233192191768516141
073120201           149841416613599132141318013571143861538916118166301713817685
073120202           182061880019276197942032220672204211958818854179601655615118
080120201           139451310612502120971193511945122621311414182151841609216997
080120202           177881838818933194682003520411203121953618969182281702015693
080220201           145741375613204128531267412639128861357614605156661660417365
080220202           178991819118470188681913119355193231910919039184901742216318
080320201           154711489114532143691451215093161821761318725194842018220828
080320202           214442202322394227512298623258228772204821316201281837016758
080420201           155291468214131138231387914403153571649817494182801914319873
080420202           202542045719869190211802017265165531576615327147071372512723
080520201           119691146211145110071112311567125831375514740156441653217426
080520202           180411859618985193401964019874195831872418102171091553614073
080620201           129341213111557111971117011538122971332614161147481531415897
080620202           163151677216960171701750017925178061717816759158711456113305
080720201           123221166411238110041107111543123411324314042145671490915224
080720202           157051625416511165981683617067168621637816119154121429813184
080820201           123031168011281110521098511138114461204612922137111433114740
080820202           152631587616502171111771818171181101747717106163451526014113
080920201           131591246511975116601152811549117501239013385144631567416996
080920202           180171858419012196312022720683205481994619573186071717715711
081020201           146881391213419131591321613738146951602617299184011955420708
081020202           217022245322920233282364623969235192268622030206531890817297
081120201           161691529714675142941429314767157121709318463196922091722102
081120202           230722344123900242172426224335238662319822448210361936417851
081220201           167551597115434151461518515703166081780018915199002083321717
081220202           225962344323790239042413124271239312307122288208711903917318
081320201           160191509414438139721385814245150371613617156180291880819596
081320202           202682071220866209482090920793203771979819429183501685715406
081420201           142511342912872125521256212977137611483715772164851724518043
081420202           186831930719746199892013720162195821871118142170551562314258
081520201           131831243011880115561144111572118641249213178137331421514510
081520202           146521464314554145531473714996149981481514705140901323412362
081620201           116411112910781106071055710652108391133312066127371326613657
081620202           138711389113806138131404614350143571426614119134481254511676
081720201           110331060510361102631046011075120031299013701140841442314759
081720202           151651563316034164361681717156169111642716064151201402012975
081820201           121791162311305111371124411828127211370614484150361555516091
081820202           166531720117600179601837618638183601757417094159481452113220
081920201           122301151611096108241085911338121301313513881143301476315400
081920202           158151603715803156161582816209160561564415386144941331112220
082020201           113691078710401102111029310805116471257813182135021380514164
082020202           145431490815260156831622416736165941602515683147181351112399
082120201           115351097410638104491055811087119461296713791143591504815648
082120202           164761727317959185281908019331189671828117835168351552014265
082220201           132671255712034117171157811674119301260413602144991540816154
082220202           166791729617780179601828618590183781776717340163761520814046
082320201           130561231311780114041125411246113721195512929139851504116173
082320202           172101811218750192691963519549190951841317828167761546314290
082420201           133901277012387122211238513053140831526416302171751820719305
082420202           203172122021669217392175521857215332085120172188801731615830
082520201           147481394313412131021314213702146741586717005179831865219376
082520202           199432063721253216462178421504206461968818866174571588014216
082620201           130031219411604112061117211600123571315213547136531375013745
082620202           137851410314296146401521715654154471510314753137881266311632
082720201           108611036110000 99231009510724116781266813385137781414614273
082720202           144921512615469156131545015385152091502714584137131274511864
082820201           111431063910367102691047311105120241302113718141041450215020
082820202           153211560415925163131676917031167481636015926150091396812836
082920201           120511135110992108131081711071115891226113257141761487315306
082920202           154821550415482154061574716216163861633016050152691427613217
083020201           122651153010931105341033210352105001105711624122561259612825
083020202           129951301013073133211388714435143911424513904129881200011000
083120201           10321 9766 9526 9427 961710255112051211612616128811313113440
083120202           138471416814304143741467215014150551499514602136221260711507
090120201           108151032210031 99191007710718117111269413378137701401114325
090120202           146001488315131154001572816040158601562015164141861302111964
090220201           111951070310415102751045911152123041338414231147671513315402
090220202           155601562415495153961551915849158781587915509147601384812896
090320201           122451181811563114821171112416135451468115442159871623616514
090320202           166961690517069173991768917722173651724416751157351454313383
090420201           124951191811525113281141611985129131395314844154781607416641
090420202           171431753317740178871796917956173321659115824147141351612353
090520201           11421107611027710002 990410036102991078611341116811187112114
090520202           123681262112950134151393714454144101418413776130371218011315
090620201           1063810140 9822 9648 9626 9757 99951044211023114061181412305
090620202           127451304213353137871426414738147111468014302135131264511752
090720201           110361052910201100611010110344106661116611939126091303313397
090720202           137271409014479149611546515804156911572115254142631311912078
090820201           113061079910506104131061711360125881363214382148021520715789
090820202           164711729017974185211895119151186241834317585163161487713616
090920201           126351199311589113791150612179133201424414900152331557216214
090920202           167501723517541177661790317994178451786717194161071492013709
091020201           128691230411930117811195212707140181512615945164991701017519
091020202           180221840518928191081917119260189911887718161171241586014595
091120201           136201294512415121171210112613135931434714757148981484714731
091120202           145861443914317142671447514768146201448113899130231204711096
091220201           10353 9838 9518 9346 9346 9566 99701042610876111261126611388
091220202           114051140911497117841236612882130551316412707119751115110338
091320201            9716 9295 9032 8924 8938 9113 9427 985310446109191125711545
091320202           118681207612344127401336013956141721431713906130911221111355
091420201           107891041510212101801046511206124361335913850139621395614002
091420202           141271421414299144671476615009148721476213940128481167710636
091520201            9946 9489 9232 9164 937010064112681212612466123591223812205
091520202           122401233212430126471305313581138481396813280123271124410298
091620201            9689 9315 9114 9063 930810040112561220312569125311253912566
091620202           126171272712901131481357814048142251436413735127881172810777
091720201           10130 9752 9525 9467 966810353115511248512966131681330713519
091720202           137431395514201143541455314823149401496914291133311220511163
091820201           1047010001 9721 9626 978010419115901253912967130791309013074
091820202           129571273212527125801290913275133951344612876121061120410285
091920201            9621 9186 8942 8857 8917 9218 97601029610667107001056210458
091920202           1035410228102381050211110118851233012554121131146210715 9945
092020201            9380 9017 8807 8724 8770 8994 9416 987910301104791047710496
092020202           1060610516104591068011349123001286613131125731171110790 9936
092120201            9372 9075 8941 8995 932810167115651255112781125521233112177
092120202           120521197811957121311262313379138031395213250122521119210268
092220201            9700 9379 9233 9239 952810356117451279513053128791266912527
092220202           124251241212433125011288313489138801401013279122781118910256
092320201            9677 9313 9109 9069 930810069113171222712505123961239212468
092320202           125421268212910132581370814218144391451713785127631167510692
092420201           10024 9588 9338 9276 946110151113691226912661127921298613217
092420202           134401367913899140621423414523147581477014044130771199110960
092520201           10263 9797 9520 9414 958810248113971231212771129241307913274
092520202           134311363913884140951437014530145091445013757129121198811033
092620201           10332 9823 9518 9383 9437 9695102281082011513119051197611963
092620202           119551207612360126801318613631139121398913450127681200611200
092720201           1057710149 9897 9758 9756 9929103061082811619123061275213066
092720202           133761360713810140451448415068154631559814988141071311412163
092820201           114751102010793107321099811783130501406014718151681553415882
092820202           161341623516280162511644416689167401662715726146351342512300
092920201           114821098310668105211068811381126981372514285144811475215094
092920202           155081582415946159421614616432166371643115695146291369012887
093020201           120991163311373112821159612367135621453914960150201496014646
093020202           144261412813963140551431214650147281458313795128351177910759
100120201           10077 9678 9439 9390 959610290115111239912764127861290913144
100120202           134241351713560137301400814383145741449413819129061189810908
100220201           10232 9779 9544 9454 964310319114941256013193134771369113915
100220202           139161363313253130281298813346136251356412925121461125010391
100320201            9762 9346 9094 9017 9100 9421 99991059311072111951110811009
100320202           110531107311043112251164012251127461276512238115901083210092
100420201            9513 9129 8936 8864 8922 9147 95731005710535107711079410774
100420202           1080410819109501132711935126691321713204125611171210801 9991
100520201            9456 9154 9029 9041 931710100114671257713107131911313313077
100520202           130051289212802129341333313896143361414213364124131135110411
100620201            9801 9414 9224 9220 947910242115911254812916129511299113016
100620202           128881290712861129391333513894143191415513411124761142910499
100720201            9890 9507 9331 9299 956710296115641254012906128681291412998
100720202           133631381513902137681384414053139171347012803119361106810258
100820201            9638 9260 9069 9059 929910037113181224612483122571208811994
100820202           119071192011989121751267713385139661388313192123081129710400
100920201            9785 9449 9296 9298 958310355116641267512859125381224112022
100920202           118881182811817119741248913119136531351912924121881128110420
101020201            9798 9401 9174 9057 9125 9417100061059611112112411114011052
101020202           110451106811251116051219712776133061311912550119181118010431
101120201            9861 9449 9206 9060 9001 9121 9460 986910321104841044810453
101120202           1051310537106001095911581123371301412810122331149110665 9906
101220201            9384 9059 8911 8887 9133 9760107771170312467128801309313141
101220202           130381284512758128541326813949142901390513234122801122810348
101320201            9743 9413 9249 9241 952010276116011278313470137821393914208
101320202           142521418614058139671412714566146571415213404124301139610481
101420201            9873 9508 9322 9294 954410318116321259312795125421225912130
101420202           121041216412268124721296613628141991394113184122981127610354
101520201            9750 9401 9228 9218 949310276116531265612872126811252912442
101520202           123951239012457126791315513766143631406813371124971150510612
101620201            9993 9614 9421 9382 961510357116401277113437137961402814231
101620202           142621409213871137131377314082140821356312883121081127710433
101720201            9821 9434 9218 9137 9215 9523101601089311567118761162911351
101720202           110941087510853111031170512526132021301412537119391120910479
101820201            9918 9558 9363 9304 9373 9635101501071411206112761111210980
101820202           108811079810916112571189412788135661329412665118331091510110
101920201            9580 9292 9187 9234 954310381118391296813248130891292012888
101920202           128811291012796129311326213983145071404113286123071127910343
102020201            9733 9384 9209 9199 946410257116321276113317135041358913574
102020202           136531360713507135141371014280146161417413441124861144710533
102120201            9901 9539 9334 9270 951310243115411268213270134631358713680
102120202           136161349313369135111384614372147311437613725128171180010870
102220201           10215 9803 9564 9517 970810417117311275313119131151307413066
102220202           130871326613420135831386614315146901430613665126921170610863
102320201           10121 9684 9463 9374 956910253115051260513167133621338313317
102320202           132081314813101131151334013787141021363712974122151133410487
102420201            9843 9431 9182 9066 9104 9403 99831063411293118061210812326
102420202           123351228712192120871231412860132361279712200115461079810057
102520201            9484 9135 8929 8862 8922 9175 96481025510861112631134011412
102520202           113391132111393116361224613155137961344612786119651103510211
102620201            9655 9345 9201 9218 951510326117521301213692140571427014378
102620202           143361424614015139651419514754148231427913517125661151110565
102720201            9943 9583 9391 9353 960510381117491288713446135631347913266
102720202           129401262312618129161337614252146381415613433125301150310620
102820201           10028 9658 9477 9455 974610549119111314613826141271434114432
102820202           144341424614012139351415714736149081436513625127251166610743
102920201           10133 9749 9565 9551 983110651120411320513771140551426714426
102920202           144861444714344143341459415115151371464513949130511204211113
103020201           1049810137 9962 99831027211079124701382214689151791545715595
103020202           155191535715089148301488915298156161521114638138761298712110
103120201           115071112210900108651098911379120391279613458136011345113121
103120202           127031230712111122681286113634141721392313531130001230011589
110120201           109701050910227100791034110599110481161912251125491282212904
110120202           1305113148133921366814394147511420413612128231180411146 9774
110220201           10029 9826 9806 99251037511361127981368113919140391414414219
110220202           141751400714035144691545316468161091551014718137341270111830
110320201           112491089110714107131106611939131511400014190141151386213651
110320202           135211359413871142761515816099158661530114597137671277611975
110420201           113961103610835107971111411975133191407813970135851328813074
110420202           129761300813188136171444015439151181445413691127421172410869
110520201           10283 9950 9803 98271014511010122841300712948126441248512457
110520202           124741266612899132931402014924145941396013252123471138010518
110620201            9956 9566 9368 9346 962710405116401253612831126381240712320
110620202           123441253812776130531361014349139671335412695119501111110308
110720201            9761 9402 9212 9134 9226 9577101671065410993110841112911120
110720202           1118611346115921195212704135011317712652119991142610683 9982
110820201            9450 9106 8900 8838 8916 9200 96391007010393105741068010819
110820202           1098411180114951202912947138871355512940122791145710609 9871
110920201            9403 9130 9019 9073 941310303116561255212639124981244712487
110920202           125981280213048133871405914998145871389213075121551117010327
111020201            9756 9408 9267 9281 959410450117621259612661124731241912518
111020202           126291286813189135611415815021146171391413123122151125210418
111120201            9842 9494 9306 9270 949310198112641215412798131111340713630
111120202           138271397514009141221480515382149651426013484125391155710711
111220201           10120 9779 9573 9522 975510464117181275413328136301378913868
111220202           138471380613699137731440814965146021396713226123231136310541
111320201            9946 9612 9449 9459 976810572118751296213666140081428714469
111320202           144691440114285142711473315225148411422513552127571185311023
111420201           1043910073 9891 9852 999510400110301156611935119361200012251
111420202           123811232612358126911367314529143161382113318126791192911263
111520201           107701044310310102751040910750112391162411906121431234612641
111520202           129491315413226135561448315024146241391513198123141134010496
111620201            9865 9524 9405 9450 979910681120651296013086129481294213171
111620202           134031357713677138991480215630153071465313892129911198511151
111720201           105921027610168102241059511519128941385114005138311386313863
111720202           138461395214061143571528816083157641517314463135451254211714
111820201           111701088810780108571126212231136771466914791145321445314468
111820202           144391449814737152871632817157168861641715722147871372912861
111920201           123161200911893119501224513142145281535515393151881487314618
111920202           145021460014623150181594316612162221558214798137911267811706
112020201           110451063910415104031067811477127631361113750135381333413200
112020202           130991311813177134261420414902145861399613319125731165910853
112120201           10254 9895 9713 9659 979010194108281136811750118581176911767
112120202           116851179912053124421344514185138951335912787121271136710689
112220201           10216 9929 9798 9808 996710332109081147111953123721287013305
112220202           136971386213936141961502315427149741429313572126551167810862
112320201           10284 9949 9793 98021010710908122341340414206146471496315057
112320202           148241446914375145241531916186158901532514605137281270211814
112420201           112161088210740107921114411974133461427314411139691381313666
112420202           134291366013915144401552316405162101588315088142431321012313
112520201           116781131711139111151140312179133691436614965151531514915089
112520202           148681484514802149121555315905154941487314196133441232611337
112620201           1059910114 9839 9741 983710185107961158912695137551453414984
112620202           150701458713926134851348213340128761244212063115581091010250
112720201            9753 9441 9282 9277 949510033107881138811914123581258512684
112720202           127941278112800130461382514291139641346212872121741134810561
112820201            9956 9587 9371 9313 9443 9780103581097511647120941219912114
112820202           122191227712425127841373014442142351380613325126901192111166
112920201           106001025510073100181013710445109741144011701116881158911532
112920202           115971170112026126611405514993147921431913707128591188411058
113020201           105051020810106101681053511404127711384014469147281498115225
113020202           153521536515273152561574416071155191475713900129261182810876
120120201           10245 9851 9636 9597 983010539117821281013346134551345613599
120120202           136241349013461137201474915641153891483314111132241216511225
120220201           106401031610198102421061311484128441389414207140491405514434
120220202           145621463614761150261601816723164211581415069140961295511967
120320201           113031096810839108811126312181135511451814583140951367113438
120320202           133861345313693141841541816336161361556214835138441269411681
120420201           110151061110440104311074911556128341382314236140971381813675
120420202           135461362513820141071505015612153041474914103132991230411357
120520201           1066610231 9986 98921000110381110831190712871137561441514880
120520202           151891525815254154121608616432159321520214521137621285511990
120620201           113291092810706106561076811066115931214712754131281323513343
120620202           134701361513874144451572216566163801587615240143471329912374
120720201           117651144311319113831176112674141041518015498154011528615213
120720202           153661540515409157441689617720174231688016141151331391712830
120820201           121441177111602116411198212841142481536915962161411623316255
120820202           161881617016232164351736118060177181717016445154351424713185
120920201           125311218312047120841243813299146261567816162162061618116092
120920202           160501596316013161861708417672173581673915952149131367512568
121020201           118821146911272112631159212436138071483915102149401472714620
121020202           145611453214558149131604717007167961627515648147301362112595
121120201           119041152311386114401179412654140211503815247148471446414189
121120202           140581407214218145151557916289159611541414767139571296511993
121220201           112711085210640105941073911142118381253713220137791414214442
121220202           145781459814620147801553515882155071491214250134751253911611
121320201           108861044110176100871013310383109151149012147125151254212635
121320202           128061286912934133601473915529152731475414127133201229711402
121420201           108171053010444105291090211804132581451515294156361578615905
121420202           159611599415965161171698117623172761665715923149281373312702
121520201           119881163011511115821195012836142991540115594152581496114746
121520202           146681478515139157881714818144179931751716859159271473913670
121620201           130311268312549126101299113909153571644816713167651686516812
121620202           167781685617040173231830718829185871807017303163211513614104
121720201           133831295312729126971292913509144601539716231167781716517378
121720202           174571727217059171121806518922185231787717058160031481113800
121820201           130981270312551125871289613680149311608816805171131720317143
121820202           169461664816408164901748418341181251764817049162361520714219
121920201           135341312912954129311311513576143371517315874161011599515751
121920202           155101529915320156561679217557173081681616277155611458813635
122020201           128911244512194120891216612468129971366514448151111550915683
122020202           157511571015722159721693117544172231657715861149151379512773
122120201           120971173911585116021192512729140541519315861161491624016264
122120202           161331588415655157491673917640173931681816078151541395212847
122220201           120731165611460114721181212651140251509015552154651523615048
122220202           148931497715134154331644617260170591653715863150011389012802
122320201           120931171811561116081195512811140801516015522153441511614971
122320202           148811486014971152811638917237170671663016065152221408912991
122420201           121851166811394113091146011997128521361114140142441410214058
122420202           140391407414229144931535215634149831424113636130191224311386
122520201           1061810122 9828 9704 9734 9989104961122312050127141310213343
122520202           135071350613449135031393114077137181330512953124941189311211
122620201           107331045210356103801056010985116731240213008133451356713605
122620202           136131358713845144211562916528163851595315438147021383712989
122720201           123591196011760116911179212104126171310613485135961353113483
122720202           134751348413738143211561616612164411596515387145851365112780
122820201           121861181911654116531191212554135751444915017153351559215638
122820202           154601511014848149691589916782164781586515149142511317712180
122920201           115011111710989110391139112169132761420414591145651455514615
122920202           146741479215118157011689117875176731712716424155671448513529
123020201           128951256712404124241270613386144591530515765159451595415819
123020202           157171565815638158311674817523171411647815718147771361612564
123120201           118021131411029109381111311684125651336514025144521472514818
123120202           147921480914840150391594516497160341533614663140341337812753
