010120251           114021100310665104631049010715110891144711907123551273713090
010120252           133871347113517139071474415317150591463114103133871251011777
010220251           112991099210901109901137312297137501466014712142731394313760
010220252           138221404614494152141628417104169121648015928151021408213196
010320251           126011225212110121081243613245145481543015382147841428214147
010320252           141211433314787155131655117193169231649416020153711452913723
010420251           130721270612508124821261212990136191423514561144681417614074
010420252           140721425814831156601669617330171091667916168155221468613906
010520251           132731285212628125331262512902134161398714297142611441814697
010520252           150321534515670161111711517878176991727816679158861492614107
010620251           135871326813136131911357214518160121702717249172581725117236
010620252           172151705017086172931807518777186131825017668168491584414969
010720251           144591417714043140861446815366168271771417492171011680216642
010720252           164551623216504172661830819121190221862317999170471592614959
010820251           143571399613849138831420415119166351753217253165201589115548
010820252           155131578916338171781834019183190731878718229174341632615404
010920251           147831441214239142161453015411168561777817846175471690816456
010920252           164241644716685173721833819039188581849617937170651595714956
011020251           142631386013638135801388214740161271699116679157651497814371
011020252           140341408714521153631643717213170051659616099154201454513672
011120251           130141256612344122541235012741134161425614992155341579015937
011120252           159151581615808159571650617057168151633315886152651449013754
011220251           131851284112663125711268512976135131418514633145741421513805
011220252           135481352013879146881593816955168991648815972151261412113243
011320251           126521233612200122361263613639152071619016086156421547115491
011320252           153611538915533158531661817346171591668116082152201419413322
011420251           127641246112349124141282013798153681628716027152161453014244
011420252           142451452015095159901713718160180841769617139162551518114263
011520251           137111338813263133211370214664162071709316768159451527314896
011520252           148191509615590164901759918470183681801817461166181552214642
011620251           140851380513712137711417215106166381752317158164121595015612
011620252           154571572315952165031741218210180641765117042161781513714192
011720251           136171331613211132911370714638160981705116932161101533114695
011720252           144151439314591153651638617172170081660916126154431463213766
011820251           132161278612576124511255512872134941409514471146021468014712
011820252           148371484914925150451532415880156851516214297138881310612313
011920251           117411134211173110991125111602122041281312986128211251412703
011920252           133031360314199148471566716325161801574515281146231392113223
012020251           127861256412508126241302113787148201572616383167131692416898
012020252           167211683316977172941799219006188511848417903170961611915302
012120251           148071459914521146211503316031175861866118825185941838418277
012120252           181561809718125183241889819620195231918518588177121664215772
012220251           152851505814995151211556016531181011914619344190121852018104
012220252           176921745617377177331856219558196311932218772178481673515799
012320251           151461492614758147621508615974174051834918587184281793417465
012320252           170581671616561168591768918661186761835017825170721607615191
012420251           146791438314283143181468115623170511798417912173571675116236
012420252           158161569515879163461718118080179811761717183165771578815062
012520251           145471425214143141611434214818154851619816439159381537514977
012520252           146761468815084157551665317512173671696816545159101517814464
012620251           139311355413335132181325913520139821452714990147481432114092
012620252           141511414214460150661607317184171391669616158153391447413600
012720251           131211285412760128361327314244158281672416229152441445313960
012720252           136801371714123150841633317559175821712716479155561448413535
012820251           128941252112283122551260313530150011589015738151441484914215
012820252           136471361914167152431663017828179081755516988161281499814075
012920251           134541312412953129431324114077154431637616495160421550814884
012920252           145861471615067153601615817245173261699716473157381481114036
013020251           135371327213218133331379414745163561725116819159611530514843
013020252           145841468615057158961709118220182981794117385165371542214438
013120251           137741334313089130091324813973153061613616341163891638716334
013120252           161941609615935160111633916752164651596915427147161391013082
020120251           124701205911834117751191412346130551387014697151211506514885
020120252           146981445214426149991602417092172441704716748162761563115005
020220251           145051419014080140771423614591151961577816002160571609516011
020220252           159191607816322166621733318048179071747816825159811492514028
020320251           134321307412931129051322514014152961623716548163801600515434
020320252           149641489314787150021590116961169591645315764148241371812750
020420251           121231174211545115661194412877144111522114960144021405913620
020420252           133351354914070148741602617324175431727216767159721498214144
020520251           136221334313246133511380314775163461714416574155141476514317
020520252           140411412114514154041676217854180321782817416167201578214995
020620251           144651414314025140211433915117162361708617626180631835018478
020620252           184161820617918176791780218338181291756016823158481472913765
020720251           131161269812462124041268513532149101570215633153101506114558
020720252           140551391614065148251593617002170771673316305156771486414053
020820251           134911314012966129481310613539142071476214795143581395013684
020820252           135351343614006145591543416451164951608915575150091432313662
020920251           131851281512578124411248712775132711385214646152581551615754
020920252           158301579715811160071652617300170201617315601150691441213695
021020251           131141280812707127581318714132156321652216565163191610316136
021020252           161291604915946160311657517654178641750216953161211508614273
021120251           138191357413545136701411415130167121750017426170111663416327
021120252           160441596115978162801690517810178941745416815159181481513899
021220251           133091298412799128351325414223156701653516633164381629416093
021220252           158811586315937162341679517585175861717216573157561469413824
021320251           132051279612637126281294613748149401587916484166741671616657
021320252           165171625715905158021609816823169151649615978152541437313533
021420251           129701266812557126501307514021154511611115769152791492914638
021420252           143171423514332148881595217076172771689016407157891498614214
021520251           136671329613120131181329813706143381480514891147921475114884
021520252           151421537415566158801637817118171611673416185154171464613861
021620251           132801287812649125321258712838132461378814517152391579916195
021620252           163681636416292162811642616842166761608915448147121394913261
021720251           128101254712495125841296413694147051549015862159661599815959
021720252           158491579915841161631691017976182241782017284165431558814754
021820251           142841399713877139381434515250165361726617179168301650816319
021820252           161031608116153165681741018436187731846517887170891606315170
021920251           146241427614125141571454515442167551738917138166291617415771
021920252           154291529315311157111659217699180491774317218164881554514672
022020251           141831390013810138571427015183165191721516965163751596715735
022020252           155451553215630160741675317612178271744016885161361522114372
022120251           138251349213382134281376014626158741651616403158601533114867
022120252           144861435214450149831596617097174341714116703160621526014493
022220251           139861368613540135161367914076146921504815104147241426213769
022220252           132831296413021135771468415862162611594515513149231418113474
022320251           129491260012401122961235412627130981343613504132301290012701
022320252           125851266713027135971459015743160731571415177143811346612650
022420251           121971194811853119421232313308147661531814993143581383813320
022420252           130311309113198137741480916052163851594915328144251336912481
022520251           118781156111422114621180112719141391472214544139691335212751
022520252           127471263812914135831440915431157051519214690139001290812066
022620251           115301125311120111731152512484138731411613302124691212811992
022620252           117801174911866125001370914962154701515014660138971292012045
022720251           115811129511131111751148812395138391473315128152641509614767
022720252           148241486014821148181512615714158261538714801139791298012086
022820251           115291121211055111091147012392137371404813309125081193611477
022820252           111891123211574124851386915022153631502314551139721317612425
030120251           118051141811169110571114711491120521250912860129201293612605
030120252           123951228512350127721349514512148671474314551142131371513203
030220251           127961257212487125201271113142137121375713313128211243112206
030220252           121391219412550134811507916584171611696616553158741498214214
030320251           137611353113487135981406615049164921655115534145121384013417
030320252           130851296013166139821540416852173461705316600158421479513912
030420251           133431300912849128641323914135154241563215248149011410813329
030420252           132471352213592142471500515922161941581515224142931330812406
030520251           117791143911288112711162212496138031450014682145841442714255
030520252           142611426514183142241457115271154601503714450136121258911674
030620251           111201070510481104361069911505128351360613744136191326713207
030620252           131591315613158134701409214876151331485614418137791296012243
030720251           117551149511446115961207413076143941468413975130611269212668
030720252           126931269412803132551427315448158831560115143145511374412970
030820251           124221205511849118111194712341128281292012695124171235711945
030820252           116541153111806125971380415025155871531714916143521367312988
030920251           124521232112189120071200112194126331300912748122261177611547
030920252           117231190711969123181296613912147801518314841141441321812358
031020251           118251150711356113691166112606143631493914314131591220411570
031020252           112801087510494110241172512901140351447514092134811236311621
031120251           111001079010677107551114612120136511450613992128981186811278
031120252           106151020510194105801155012924137611418013775129871198810808
031220251           105391027310124101811055711495130441395013590125201154210918
031220252           106081059710972116881268313783145391485314466137361273911885
031320251           113291097910812108341116312067135821445814135130931199711328
031320252           110271094311047114711228613425143671485114544138441287411983
031420251           115031103510871108991125812044135021430513995128341168010922
031420252           103731013010066104121141012448133021367413330128321215711327
031520251           108341047310272102191033910706113521199412420123961187911041
031520252           103881004510078105581155212528130711325412932123941168910969
031620251           1043110180 9937 9701 9683 9902103691093011520119821210711902
031620252           117871176711725119571259413100134781354212964122741095110393
031720251            9960 9607 9447 9421 969110582122781295213384136181371413664
031720252           135801357313434135201381814266144151436913891131231175011204
031820251           107801046210354104391079611867137161418813730128651205011315
031820252           108741077310861111881176212899137941441114112133681196511479
031920251           110331073910651107101109712156140721428313392122131119110519
031920252           101881006510130105221141412795136831411213745125511195211141
032020251           105541021110061100741051511599128271353613663134091309612724
032020252           122571190711813121101278513561140391422013769128291164411107
032120251           1051010142 9939 99211022011132129141352613740136101314912696
032120252           123781203911716116231214313155139571434014090134891226911858
032220251           1136410982107851075110877112551190112266120251126610408 9775
032220252            9329 9234 9826103431121311955125351292212719122471125110998
032320251           107191051010443104971070011095117021211311894113531080210401
032320252           101571000110134101911134812829139501456614331135621220411716
032420251           113171101510882109211127912309141091472915117153901557215693
032420252           156441560115411153671556015829157591555814927139781246811919
032520251           114281105810906109161125812183137121447414284131601230311961
032520252           117321165611658119321253113340140941451814192134461205611452
032620251           110751079110673107441109512143139731418713677130181251212024
032620252           115981153911644120711276713553142241464614348136161218911656
032720251           112381094010843109231132612400143011437013497125471167811394
032720252           111991089510808109461160712870138221448314283136551230611755
032820251           113521101210853108041109011915133121382313100121301141511141
032820252           105861045510438107511172112712133561355813203125901172910822
032920251           1039710015 9833 9773 991210385113261160912099124951271512805
032920252           129191306213147132091343613775140161404913728131191199611574
033020251           111661079110581104771053110831113291194812659131831345913609
033020252           136221349913403135001384014290144871453214072132321224811357
033120251           108011044410270102651059011467128801369113951139431389513753
033120252           135311350413082128741309413614139791419513748128741181410922
040120251           10339 9946 9725 9701 998910865123341327313208123121114910378
040120252            9956 9770 9705100231094012297133921404713947133501243411646
040220251           111181084510761108241121812187136181406513234120471134610830
040220252           104391040710581112701253813743143831472814404137281269511803
040320251           112401086310681106741094811787131751411614507146971465514271
040320252           139881362113283131651331013765139821420013849130541201011056
040420251           10422 9985 9738 9645 984610628119511272912768122911153710780
040420252           10122 9842 9946102781095911802125381300212800122121143710637
040520251           10066 9689 9486 9414 9549 9896105061110211794122341235712524
040520252           125241269812809130021335913712137961376913406128401210411347
040620251           107521031210040 9936 994710190106521128711978125331269512764
040620252           126441235712088119411196312472131831359113306125621161010747
040720251           10184 9823 9694 97431012111087126121359713919138941389914006
040720252           140731405214011141581451315017151111508014651138321278411851
040820251           112301084710685106801098011861133181416914224139831366713272
040820252           127781250612351124791302314021147731533515273146731368912789
040920251           122351188211735117611209013009144021472313942129361202211348
040920252           108251053910389106721149112752138291458514574139161295112074
041020251           115451123011119111751156812566139461406813037121001145511020
041020252           107231075511087114141217313176138561438414234134981253411583
041120251           110131067110550105711089811775131711405014259141221377013335
041120252           130931299412742128201326313740139991415313893132801245311648
041220251           111211074310592105691073111125118001253813308138311405414115
041220252           140371384613747137731396514220143091435114075134511267311882
041320251           113021089510649105491060910863113291187712514128671288912856
041320252           127661264812629126101293513432136621391313712129761201211171
041420251           106501035810252103161069511629129011301412187114231080510330
041420252           10043 9897 9897102911085711906127841334913223124541144110561
041520251            9930 9571 9396 9379 966710472117921254012587119921145111358
041520252           115991171511344114431207112900133001352013304125371154110674
041620251           10110 9792 9657 96991003410956121921273712635124321223011881
041620252           116291154811443114991205912929136701413214012132891227311365
041720251           1076610159 99861000310338112151240212594117691100610296 9837
041720252            9545 9432 9365 96571038011340123471292512999123961149410622
041820251           1036710059 9952 9986103451110912094120971134910513 9888 9460
041820252            9263 9261 9505103071136412292125421271512566119471115110337
041920251            9757 9402 9137 9059 9116 9412 98391020310530104611053110489
041920252           103711014210108104881112911995126251291912860123391160110795
042020251           10113 9623 9256 9016 8912 9018 9204 9393 9320 8963 8475 8241
042020252            7997 7731 7684 8076 8940101131106311763119411140610613 9897
042120251            9399 9107 9074 9188 94881026611221114671101810485 9982 9817
042120252            98381001310367111071193912793131811336813103123121125510402
042220251            9810 9469 9369 9423 972310445114811223812410121771151110895
042220252           103981021110370107501137112294129801330913232124391136010414
042320251            9764 9251 9025 9036 93101005711124113591072110080 9808 9599
042320252            9514 9548 9635 99961078311939127391312213107122681115910161
042420251            9667 9293 9055 9026 9238 99931098011337110011062010089 9748
042420252            9548 9636 9762101721100812097127151306613003122741128210182
042520251            9514 9099 8859 8810 9057 9740107551131411232110271079910583
042520252           104401053910772111311173712346125691273812556119401110910274
042620251            9722 9286 9101 8982 8915 9228 96531041711086116651201812196
042620252           121411195011780118591206412326124151251312338117791099610018
042720251            9409 9062 8822 8594 8649 8833 9216 9551 9802 9959 999710069
042720252           101831016810304105021111011832124491281712777120731120710193
042820251            9684 9248 9027 9071 93391019811488116181089310181 9751 9469
042820252            9363 9387 9502100261097212079129381327213216124091130310155
042920251            9653 9154 9015 9077 93591009811104114251105710301 9945 9761
042920252            9705 984310151109071163812668131771344013373124941142710609
043020251           10004 9635 9370 9370 95651030711254117691157410604 9916 9570
043020252            9443 9532 9716100871100812106128511313113141123461118410295
050120251            9747 9340 9131 9146 93631003011068113331081210196 9849 9624
050120252            9532 9632 9819101291090711953124831285012898122201124610292
050220251            9677 9352 9201 9146 937510041110021174812096122301198611767
050220252           113341080410777114171214912771131741323913238126471173610900
050320251           10199 9607 9302 9167 9143 9344 9645 999110230101631013310193
050320252           106051101611246120131292413296132401313513083124961167310831
050420251           10130 9660 9341 9169 9138 9260 9564 984010314107211105311183
050420252           112541148411779119681240613075132651322012985122391120810366
050520251            9664 9358 9229 9186 931610049113501219912420124081245212466
050520252           124211243012365124111273213266134421342113143123451131610420
050620251            9858 9479 9287 9262 961310389115621241512572123631237612434
050620252           124341240412538126771284813392135891355313267125561148710595
050720251            9967 9552 9345 9275 954310325114061204811896115221106810945
050720252           110831134411489119101248313058133901350013502127121165610652
050820251           10117 9742 9528 9469 960110315113871196811803114231128811498
050820252           118231202512013122721277113614138881394413748129911185110930
050920251           10214 9772 9446 9388 963410288114271236212630126661290513147
050920252           131931327213206132341341713713135951340713174125271167910828
051020251           10119 9694 9466 9285 9379 9743102771101811547119251179511660
051020252           114001102110714107681108111671121661245112651122191146310578
051120251            9981 9531 9272 9215 9257 9365 9575 9581 9535 9135 8704 8383
051120252            8188 8112 8228 8966 987211038121091256212792121941119110266
051220251            9706 9185 8980 8991 9302100611118711541111331049510025 9872
051220252            9749 982710095106561151912502130681332913368126321151410575
051320251            9837 9437 9215 9155 936310011110071139311095106121032810232
051320252           102431040410497108921166512535130781332013386126581153710498
051420251            9818 9404 9182 9130 937610007110521160811536113711128911101
051420252           109311101511245117101245213213136361380213779130721197010956
051520251           10259 9806 9543 9473 966610359115351243212654126371259612603
051520252           126951280112737127711305613514138051394113938133791231311295
051620251           1051110127 9812 9678 995810541116151237712602125161244412327
051620252           122291240212560130101374114386146441455514454138921291111904
051720251           111051053410130 9906 989210042103921099611568120351241012456
051720252           122711217111959119611268913644140221394313791132151229811344
051820251           1060810060 9658 9430 9319 9299 9453 9715 9894101141039410726
051820252           108971125011379116391205112601129381306713030123761137610464
051920251            9751 9305 9058 9004 9222 9884109361149511402111571082510649
051920252           108191107811310116531222512849131841324913113123741134810442
052020251            9771 9407 9205 9174 942110115112471177411585112111116511441
052020252           116451184711993122551261813068133111337713224125261145810516
052120251            9883 9487 9300 9245 951810239113611197712167123831252212569
052120252           124891249312455125951290013288135371364813546128191176910807
052220251           10182 9776 9549 9513 977510530117881284413351135411366713607
052220252           134231345013448134971381414166142221413213930132391224311292
052320251           1061610236 9998 99191013110841119351257912669125791248912384
052320252           122551228412305124961272912979130621300913063125191169010826
052420251           10179 9755 9501 9389 9449 9657 99161017110432105001047610498
052420252           103911018210161103691089211476118071205812244118751118010401
052520251            9823 9400 9192 9071 9115 9211 9413 9577 9712101111035510406
052520252           105411057210501104731078411311116861191712073117031095910200
052620251            9622 9236 9016 8953 9078 9263 9467 9436 9260 9037 9119 9280
052620252            9324 9312 9399 99141053911654123391267912777122041112010178
052720251            9528 9126 8953 8927 9209 9926109861129011001106941056810597
052720252           107471105511443120171274213417137681385413847131551200610904
052820251           10205 9731 9421 9324 950910059110401150011363112001125411302
052820252           113941147911667122411295613601137641381013770130941195210921
052920251           10204 9732 9465 9378 957210225112521196912115122431236712522
052920252           126291271812713127381295713307134951353113582129851192210992
053020251           10303 9849 9592 9499 968610270113051188911872119371220812573
053020252           128231271112642129321332513589136391365813612131691225211303
053120251           1061410042 9730 9558 9555 9724101021073011408116021154911610
053120252           118451190611854119741205712313124861249712378118701112310284
060120251            9698 9270 9031 8906 8916 8995 9198 9436 9676 9863 9913 9941
060120252            9907 9721 9820101661077811559121401235712517120251109510141
060220251            9482 9180 8986 8978 9266 9953109671134911052106231040910374
060220252           104761066310760111701181212734133151344813472128291171310709
060320251            9961 9492 9300 9221 944810058110121135811106107121052310480
060320252           105511080211251118481279813763142481430714236135391229711197
060420251           10379 9898 9564 9440 962510198117411179611808116901164411806
060420252           120911257113089138041469015476158631583115651149681359912342
060520251           114751084010453102371033410862120081286113238135941411614883
060520252           157471661017231179201874519463196031930618956180931654715023
060620251           138401312712504121811219912580135471450214912150461533415666
060620252           160251651217005175251802317966174181684116318155991449113333
060720251           123931171911255110001099011083114551207112860134471387514194
060720252           142911419414236142041419514157139681378013699133111250111596
060820251           1086410314 9926 9696 9624 9608 97251004610377105861071110911
060820252           111961136011570120401283113640140821413414077134331235511235
060920251           1050910038 9702 9634 989910481116191238412688126981277812895
060920252           130121323813326133871370414147142091409113795131031204711115
061020251           10416 9964 9716 9632 985010496117771260913083133371348713681
061020252           136211361113457134691362113958140991406713955133811233111326
061120251           1044210155 9870 9738 992610466114971207012085119201190212141
061120252           125621320413862141531483215600160641599515763151161378212551
061220251           115881096010568103801052811022121201294713246133671366414108
061220252           144501485015385160551690517551176371734316860160181449613043
061320251           119391114310678103971045810920116981236512537124441215812211
061320252           124361279713160136221410214598146851452214270137691277711712
061420251           1093910343 9973 9797 9815 9889102161076111369117891199612025
061420252           118881175111685117151186212240123871239412387120611132210519
061520251            9910 9521 9235 9111 9102 9159 9337 9671100471009610032 9953
061520252            99391005710326107881142812206126841293513064126891174910744
061620251           10107 9620 9381 9313 953510056110301166511658114461142111521
061620252           116201192512282128321365114420147021462914525139431276811639
061720251           108931037410055 99931020010772117951269413186133181353713765
061720252           139361410214187143711459114877148541468314542139681297411941
061820251           112201072310440103341054711157122611327113867141641432314483
061820252           145181470814861149431539116040163881636216235157531462313422
061920251           125341191811495113231145811917127911373014526150041541616124
061920252           169281792218913197582056420942206932021419649187311716115655
062020251           144691358813001125901251512834135251407814263141511416814228
062020252           142511449115009156741647617096171961691416420158011459313302
062120251           122701149411004106711055410521108051124411678120131237112965
062120252           133991390114664155091650117400176841736216896163381524314122
062220251           132121248812055117721168011728120011251813122136501358414003
062220252           150461634117686189531998020712210142091620426196581817616588
062320251           153491447113829134731353213943151501647717526184001929720316
062320252           213582219122867234772413024724248742446223788227552097919186
062420251           178381680916093156131549315864170571845019425203642131122276
062420252           231222396824714254932617226586265512598925359241872239520491
062520251           190601790717071164981628916521176371907920076208302149022104
062520252           227442321923689240042434124708247222406123195220842026918493
062620251           170341600615226146741444614541149881533815246150141490215001
062620252           152081533815152148821479114831147201462014479140101305412029
062720251           113631081710496103791054011025117391239612590125001233312348
062720252           124891296713414137951435214727148201456614381139031302012094
062820251           113541075410369101701013910308106871130712017125561290913034
062820252           129931295512912132631385714620150651506014938145991383812940
062920251           121921159911189109751087910874111251166912265128291344213901
062920252           143741484515486162881728518225185751832217677168921550714092
063020251           129841218411699114141146711841127611365914205145641511715863
063020252           166031744018087188491978820729210132065519925189541735915816
070120251           146561384513361131301326913808148541589716643170541743318149
070120252           188271974920536214132244822917227162188820952195591788616351
070220251           152341444813887135881365114070149511578716334167421706117538
070220252           179771852519002194552000920303204932037019792188501729615770
070320251           145321366113050126611263712945137521466515418160511678817347
070320252           179151814318433190921990520508196411830117131160851481913611
070420251           125691178211262109001076510732109591126311474115521164111712
070420252           118851212712573132811423915177154541524514690140431339712505
070520251           116311088510518102321010710038101641045610869112471174312326
070520252           126631326213899148221565316324167711656216158156441469313626
070620251           127591204111578113231123711206114221194912715134911447515484
070620252           165711759418509194352048221400217202120020378194891784816284
070720251           151321427313801135691367514156152681638417264179751879119523
070720252           202092092021237216772218522252221702186821581206401905617534
070820251           164151559815117147861483815328163451746218404192872027221170
070820252           217322237323015230232284523453232642289222043207581885717094
070920251           158411489114269139131393414381152991611216552167641702617291
070920252           175581798918272186471913219599197421951518984181541675515344
071020251           143051358713121128891296913492143741524915724159051598415960
071020252           159751612516277164011658516790169001686416608160151488713720
071120251           128421221011821116321177712248130731390814480148521512715381
071120252           158511666617362178601847318952188011849517986172991611814882
071220251           138551311112625123061220412278125901316313837142791453314862
071220252           153571598716666172601789518442184781802317489168071569814502
071320251           135131274712271119431180911772119871238713014136041402514430
071320252           149881548916076168461788018808191521889018408176031627514938
071420251           139021320412776126301282213428144301547516175167121728417807
071420252           183161880519248196832021520527204031997019501185801723915916
071520251           149701426613811135681372214286152831627016875172811798018810
071520252           196362052421262221502297423434235932326122554213921959817843
071620251           166201566814956145561445914840158871699617713183741930620238
071620252           211112204822731233992408424286243682390823380222702048918797
071720251           176061666716019156851573016262173301848019288198022029820834
071720252           213392197322199225852328523658238732359523159221772050218789
071820251           173101614215239146261442514530152171580215994158261572215538
071820252           154671571316148167511770718333185531819617334164611512613831
071920251           127351192011385110561087110856110671144911781120291239012881
071920252           133861394514763156671672717698180601785817384168071576314658
072020251           137571316212698124691238912433126521315013785144491510415784
072020252           164471723218096190082002820718204261965718996180601661715116
072120251           139461306812483121271214512558133641417014442145181473014912
072120252           151791546115639158761654817292175741712016496155921419612773
072220251           119041120910760104971059011050118241242812507123021231812513
072220252           128671342413983146381551116274166881653616053153251402612800
072320251           118631124510864106611077711207120291278513039131021337413828
072320252           143481490215535163531729018082184711819317681168901550314160
072420251           131631240611948117131181012294132591420414640148831540416174
072420252           171161821619123200352106321551216862122920563195241793116417
072520251           152931441713885135851362314058150121618817222182591947520587
072520252           215742248723120225412253822112217572139820928199271837116814
072620251           155071441913595130811270412545125711290713276134631363913875
072620252           142301475715402160531677917208172271685216458157511470913607
072720251           126951200911551112751117711184113651183612519131011371314161
072720252           144881451214596148081535416086165491666716729163061534414248
072820251           134501282012433122891243313068140421516315889163171703317981
072820252           189221993920786216392244222939231362245721777204881867017010
072920251           158021489014261138861392914451153041639017267182231931420525
072920252           215892249123307242282500625270253152465523985225152050918632
073020251           172451617915431148931471815073158711693117619182051896619902
073020252           208572183722735235932441324377239692337222785215141975718058
073120251           167181582615139147271469215141159711681717387176851788817924
073120252           179251803717613172821704216912165241615515675148361380012731
080120251           122641137111050108171099011507121621292213124132201312913185
080120252           132331324813313135171414414774151091489714622140031304811985
080220251           111781058810184 9980 993510052102641052510605105461051110609
080220252           108691122611781125451351514420149421470914462138901296412003
080320251           112041058910193 9961 9872 9902 99811023210491107031092511348
080320252           118751248613287143421545716486168401649216117152681404212882
080420251           120091134910942107691090711434121681292313373136091399914522
080420252           151831603816857177301857519281193011885818414172881580214367
080520251           133641261712112118221194512394131761392314268144281477315183
080520252           153461558016099166511731917758177431747617082161451477913517
080620251           125681190711453112421133111850125951331113657137471388314270
080620252           147451532215774160751632616502164781635016199154931434513217
080720251           123881183011445112481137911899127121349013831138001377313998
080720252           143651489315478161751694217578176461708216561156741434213080
080820251           121331141910927107141080011291119271259612994130411319613474
080820252           138571451815195159501687917584175391693116293153861414512958
080920251           120191132910859105481046810550107711113111414115661176012194
080920252           127121332114058149491600116917171011669616253154521438713315
081020251           123911169011215108751074310762108551123511606120211261213448
081020252           144881549016541176881889719842201201956618984179101637614966
081120251           139311318212651123521241112889136871461915300159481683317782
081120252           187431973920602214602243223083230252233021372198771808316444
081220251           152161426113559131701309613481142851510615774162831713517997
081220252           188711978520659215272242022768226922205821286198481814816568
081320251           153601446913862135301352314008148981584916550170631770218650
081320252           196552069321586224072288322328216332111120487193021791716542
081420251           156051484014345140441411014674156071650317224176911817618803
081420252           195202041521158218132251122832225252187521053196431799516408
081520251           151991426913602131871307413426140091466314966150411531115549
081520252           159881664117264179911881419335191891857717866168001548114193
081620251           131781242511917115611142811494117111213012539129331342513998
081620252           145751528716124169221777818409184651809717569166641553914485
081720251           136061292912453121511198912050122201268413314139601468415806
081720252           171091830819296200912066920869205282017419537180831646214989
081820251           138521292312280118601179012203128231320213144127211236912274
081820252           123361269213200138581466515569158091551915106141221297111851
081920251           110501052910180100301020510782115321212812357123291229112289
081920252           123101238012591131851400014864151071484814689138551276311747
082020251           110461059910317102131039911002119301269313294134821356713742
082020252           136471370713696136861368913950139681387113553128161188710972
082120251           1038210005 9750 9660 988810522113991205112106119471211612365
082120252           124341253812480125411300013618140301404613884131531218411222
082220251           1052310025 9735 9607 974410304111111163011647114491140311559
082220252           118481228812830136371466315552158151551415079142291320312080
082320251           113381073810352101021008710240105041093211224113721163912048
082320252           126191323413742144241530316029161301572015350144961352112525
082420251           118121121010785105221039910453106071093411396119921220012572
082420252           130751354814146149121570516235163131630216108152811420113140
082520251           123971183111482113571153012189131681402314562148951514715427
082520252           158011618316662172561802018450184521798117396163211493413632
082620251           126071178811273109611099711553123891294212971127551270712922
082620252           133301391614414148751540516041162041596815452144441310712019
082720251           111781058510232100561020710816117631232512454122721219112406
082720252           129091313213304136271414814736149441495614575136421242911347
082820251           1054610090 9779 9650 982010464115161187311783115101140111482
082820252           116281199312400131041381414510147681489114637138001274111780
082920251           110821054910267101531031510950118461256213013131341333513491
082920252           133281332113590138401418014424144731436814002133211238811481
083020251           1073910191 9811 9556 9517 9679 99121023510204101991004210127
083020252           103891061111012116831239613185134271339513133124881167610794
083120251           10216 9707 9408 9205 9170 9302 9513 9628 9621 9556 9394 9453
083120252            9688 998410522113201230313346137971366913347126451180110934
090120251           10274 9793 9465 9334 9379 9583 98291006410326106051086311222
090120252           115631201012291126751328214030143191449314131132331212211133
090220251           10449 9975 9693 9611 980110522116501227312242119611176411809
090220252           120691251312969136511453615433156961553014994139521273411621
090320251           1080210268 9972 98371000410652117281221812130118731168711791
090320252           121111261313095137571466915541157741559115073140831282711761
090420251           109741043910087 99391010410772118851243812443121651209112257
090420252           126381309813583142261498115700158861578815354144871341312354
090520251           116971117910885107671089511537127061349313956140931414514153
090520252           142901474215294158981658916977167741654916159153631437913370
090620251           125291198811607112931125511460118171240613117136911420314624
090620252           152391601116687172261713616715161321569615092143001339712464
090720251           116801107810654104041032510400107001118411875124091264212684
090720252           127201271612700127841305613494137781394013558127631176610846
090820251           10142 9696 9398 9292 949610225113981195411666112711120711240
090820252           111481118511488119751271013665142131430313806128541172710736
090920251           10088 9618 9361 9300 950910311114851189611599111071080110618
090920252           105701078711170118441279913766141641436113836129011178010833
091020251           10176 9739 9503 9442 966610410117091237612343120761182111561
091020252           113821150511711121261278713658141431437213888129881186610930
091120251           10186 9741 9480 9372 957410275114941185111615112281097710941
091120252           111411166312143128831382114642148721490314380135191234711319
091220251           1058110067 9761 9638 980510471115381203511787114491116711142
091220252           112681159411947124551327514113142951418813660129141195910980
091320251           10336 9807 9524 9325 9356 9591 99901034010524105641045510559
091320252           108611125211637121101281613453137091369713264126141184411046
091420251           10417 9954 9678 9476 9491 9556 99001019910467105271053010655
091420252           113461202812526131011382814713150091499714405134291230711277
091520251           1058510069 9802 9703 995710647118721239412238119111184311954
091520252           122501267013060136121453515462156191556414855138061264111543
091620251           108371032210042 99031008810810119711254612363120111179711895
091620252           120931239712768130941367514406147121478314170132331209911102
091720251           10344 9882 9629 9534 972810474116741223212197119361183511916
091720252           119521223912605131101379414422147491488414334134711239811440
091820251           107711031310048 99531020210825122181282412806125881248212431
091820252           125491290213293140181499015834158741577915106141761300211859
091920251           110771047910145100041013110764119021256512583124891238012510
091920252           126581299113385140071484015490153191494314201133411234111339
092020251           10529 9967 9601 9343 9359 9590 99921024110079 9802 9445 9252
092020252            9254 9395 9764106631162312589129541295312470118041098410297
092120251            9760 9315 8970 8956 8960 9161 9457 9727 9676 9405 9201 9131
092120252            9221 9429 9783104501152412557131411336412806118541096810101
092220251            9575 9174 9024 9013 930710073113621196711637111931108110958
092220252           109931117111482121501322714135145211455413892130031194011013
092320251           10370 9949 9709 9660 984610580118581255512719126521285113260
092320252           135991405114546148041523215693159241587015250143391325312221
092420251           114901101510714105781078911515128271369714076143351450714602
092420252           146321474414681146701481215101152241509214493136811261411684
092520251           110161059410343102721048211248125961361314146144941473014922
092520252           151471534415252152881546115730158881580815298145761355912615
092620251           118601138011009107841084511471126451334313487134361335013316
092620252           135681409114360149121565216141160041575315108142671326012216
092720251           114131077310345100661002010184106101095711228111511111211255
092720252           116711206412606131701372314331145971451713946133301260311772
092820251           111031068510297101651017610249106051099611325111181102211337
092820252           120031263713447144391556316407164411628715494144521325912092
092920251           114481066910245 98421020710813121641256612208121201211412237
092920252           124371277213360140131482215394154861536614602136241245811421
093020251           1072810232 9941 98291002610662119381252112368119871187611760
093020252           117981225112532131091391714761149951478114078131071201210932
100120251           10250 9792 9501 9382 959010282115811214311627110281065410388
100120252           103271043810806114501245213440138881380913210123911129010424
100220251            9813 9436 9224 9154 946110182115201213611732109691047510099
100220252           100331010310445111391215813169137481372113149123631140510464
100320251            9737 9501 9290 9252 950810263116841230311877112001071210323
100320252           102941046710849115281242513343136131345512926122621140110583
100420251            9948 9513 9231 9091 9134 9421 9950104301046810197 9882 9743
100420252            98441010110658115411263413547137681355813011123411153310755
100520251           10134 9681 9380 9189 9163 9301 9662100201015510025 999710156
100520252           105751114211896128891407714983151031494114256133311232511335
100620251           1064510159 9841 9728 991310625119001258412498122251210312184
100620252           125061302613680144721540615927159351564114928139331280611727
100720251           110341048210169100221019110898122351299113009127191240012487
100720252           128561361114323148571534315682158761568215100142291317512189
100820251           115031102410743106321085811622129721395114281143631422213869
100820252           132501270512283124251306313727140811389213247124141137710471
100920251            9864 9428 9233 9185 941510231116141231311838110351042610017
100920252            9795 985510073107601185113050137561372713242125361159610707
101020251           10147 9780 9594 9562 985410690120991287312453115341078810284
101020252            9992 997410222107981186212941134921334912909122861151310693
101120251           10115 9682 9424 9307 9383 969910290108301086010403 9853 9689
101120252           100751017310406108381150112278127781264712222116571096010241
101220251            9710 9345 9105 8999 9047 9254 97481025310658108761107711410
101220252           117391202212250124431287513336134781308112506118311105210315
101320251            9772 9446 9256 9203 942610002109231178512499129821334313482
101320252           134921352713541137071391514369145401410013466126081159610706
101420251           10046 9697 9494 9458 971610524119481288413106130691288812841
101420252           127111272712723129541336613954143811409613504126771162010719
101520251           10132 9705 9506 9454 973510533118931264012571122851201811977
101520252           117791156111467118841255913503140901396813416126131161110718
101620251           10129 9756 9561 9585 990910762122421307412761119581129010902
101620252           107911087911238118371266513747143261417013668128721187110964
101720251           10367 9964 9760 9730 998110789122341305712697118471110310584
101720252           103601036610651112721223613152135821335912898123451157310780
101820251           10192 9802 9601 9538 9659100441073311355113641071810129 9665
101820252            9452 9474 9860105931159012396128371269312275117421107110366
101920251            9845 9453 9255 9135 9193 9443 9936104691057110305 9966 9704
101920252            9724 986410305109431199312967135461324612702119241102910212
102020251            9684 9369 9185 9187 946910286116981273213134134921378313748
102020252           136161340613102129371322613953143071391813270124341141810512
102120251            9883 9483 9288 9238 955510373118151263512375117361107110713
102120252           104721061110774114521245013403140291379513179123591135710472
102220251            9876 9516 9322 9295 955810342117551277113177131511281512163
102220252           117931151611587118591276413591141061375213181123751140710520
102320251            9906 9555 9348 9331 962010414119041275412519118581119011116
102320252           111271120011549120391274213521140331378513265125071154310665
102420251           10087 9738 9547 9542 984410665121361303112817122231190611807
102420252           118151166411538118911266913336136621337512948123681157810795
102520251           10182 9796 9600 9518 9631100001067911364115741109010461 9998
102520252           101201057610659111271195712750131121280812445119181125410533
102620251           10012 9677 9478 9414 9466 97431029410903112751090710311 9944
102620252            98951004510458110161213413148137561350813033123281144510642
102720251           10191 9868 9756 98191018211127127161375513487127891211911793
102720252           118131194612009124321320514102146351430513761129401192611033
102820251           104721016610026100531035511296127731369913476127291206311668
102820252           113491124111538122141317614161146121430213660127731182510909
102920251           1049210115 9927 98911016011082125561349913568133121302312793
102920252           126891258012668129921354414312146591432513800129951197111090
103020251           1048910098 9889 97761011210968123731336713660138251376913789
103020252           136851377813741138531419814662146881427413727129281193310978
103120251           10382 9946 9694 9626 982910569119071272112872127181243812453
103120252           125381251212632128101312813486132551295212692122291153610814
110120251           10320 9918 9715 9626 970310053107031127711513111261064710219
110120252           100191002510332110131209113030134281307712704121841159410929
110220251           1024410012 9836 98631005110517111011127510921104671012810027
110220252           100981035711026121551341914244140341362013089123491147110801
110320251           103621016310061101691060711611130781360313390128941274012917
110320252           132121360813626137971454315158148011422413514126711167110855
110420251           1034510049 9913 99621032011306126131291512263116191117611154
110420252           114761177112204130431404014862146541427413726128971196811104
110520251           106171037110238102801066111604130491357813372132111313213019
110520252           127501294913297136641442514965146341412913510126621163910778
110620251           10256 9928 9834 98891025911208126491299812541122281221912135
110620252           122181250112816134551444815178149841464714156134291249511634
110720251           112031088910805108771123812174135441382113352128521256412359
110720252           122311243512856135721437514762143451380513292126281178510968
110820251           10366 9944 9670 9526 9597 9929105421114211655115671116410544
110820252           103081032510827118431277413394131621279212410119301125310647
110920251           10086 9737 9543 9488 9554 9913104151089211338115101150711728
110920252           121721258912904132021394914328139891347512851120451119410385
111020251            9880 9574 9420 9419 971910558119711290713289134391364613832
111020252           139141399313927140611460715001147101425913614129661212011357
111120251           108991064410510105491088811696128471349513578138321396913989
111120252           140061422714566150681597116488162421591815266144111334812446
111220251           118471147011240112291148712375138521463314819147611455814237
111220252           135161351313948144741535015856156401527314686138351277611834
111320251           112881088310677106551098211883133111391413892137781378313817
111320252           138051376813814141791503515590154201504614558137801286812001
111420251           114331109810921109781131612198135821406713431127551245612427
111420252           126481313113578141771499715374150331464314105134541266811839
111520251           112991105110886108811105811515121911254112113115131099010741
111520252           108981141212034129531408814615143681394413460129121222411580
111620251           109791054410240100901010210378108351132011585115301157611896
111620252           120151228612764134561451115196149851456414014133341247811724
111720251           112571098910897109821142612442139601459114425140301393513834
111720252           137491380214259149101593216526163231593915287144231334512440
111820251           118611148111327113881172112679141891465213965130011245612189
111820252           121871253413268141831533116022159271561015137143801339412543
111920251           120121175311619116731204513016145261526614579135201266712256
111920252           120651235713105142201537416118160451580315330145981365412764
112020251           122711192411790118521224413139147271531714742138171325912688
112020252           126401288113419143141543716061159621572615277145501361612735
112120251           121841187511705117371211113008144421506914996149811506014769
112120252           145321464614675148891544915669152201479214281136421284211957
112220251           113681105310692105871068711047117691244013054133111328713286
112220252           129131251312792134391426314811146561432213997135191291412196
112320251           117891150611371113631149811908125131286412972131121335913630
112320252           140791418314371147331550416008155721511314578138281290812104
112420251           115901126511101111121152912414139691461114186133711298212701
112420252           126621297513383141881537216001159231560415095143591332612454
112520251           118931154411326113351166412559139921473314815145891441814360
112520252           142671430714397146871525215668154351500314430136181259411636
112620251           109421048910222101601040311135123301314313538136921375713690
112620252           135381355713746140081458514846144231396113413126441176110874
112720251           10274 9843 9619 9592 977310222109461158811838118891203912173
112720252           121941209412179125211294012998127901266912578123091173611220
112820251           108151055510454105001075911373121691262012526120951193412323
112820252           125901292913341140331497715426151971485014441138891315112406
112920251           118721148411288112411135811736123041277512785123621199511815
112920252           118111209812770137361481215377152501496614636141101337712717
113020251           121731180711557114451150311755121001280413427139771431814546
113020252           148161494614968151421574715926155371501914348134611244111633
120120251           111091081010687107911122112253138551466014284136401297312605
120120252           125131291013750148601613716874168631661716150154001445213501
120220251           128131249512284122571255313341147421570316171164751681517047
120220252           170841703216899169411756217903175511695216229152331408913101
120320251           124641212511907119431231913220147071563115524150831469614474
120320252           142391429514723153861653817302172401693616378156561447713490
120420251           128251241812199121991253013454149991583015820156811585015651
120420252           149951468615178158801705817790179031765217424168281585214989
120520251           144431415314035140881450415406169401778717479167121607315708
120520252           155421579616359171201800018321180391769817181164031545414539
120620251           138521335412982129131298113345139811466415324156851570215486
120620252           152771474314618151301612116604163941602815634151001436513594
120720251           130331264612371122981239012719133441390814156138711364213844
120720252           141791451914922154631648116994167781632515757149221389513028
120820251           124971222612158123551284913949156011655516334158701558415565
120820252           155661590416446172661844819073189681873218283174241632315370
120920251           148791453414397144551484915866174441831017801170641640415941
120920252           157581600116668174451847818964187751847117861168811555214363
121020251           136121312612858127851310814023154381624816174158631550315269
121020252           153271565815913161641696517320170351657715940150571393112863
121120251           122571184911649116951206313035146361567615412149271439414165
121120252           142541478715458164561765218366182881802817524167641569614708
121220251           140911372313577135891392214834163201713516880160471548915161
121220252           149891528015768166101761718032177031729816799160931520314264
121320251           136391319312971129351311213561142631498515568156201547815380
121320252           156141576815818160961674716943165641619115718151121427513460
121420251           128881247512197121411222012541131221384314748154871597316109
121420252           162571619816248164431755918144179951769617286165311559414720
121520251           142821402713967140961450915525170281809918310181151793817757
121520252           176011763017603180641898519477192651892318300174181615015161
121620251           144701403613823138061411314916164191728517342167541618515641
121620252           151671515815532163761767418251182331790817374164991529914288
121720251           136281322313016130381339714277157521646616379162701619316049
121720252           156361533415274158221676617321171521673816164153861416213157
121820251           125121222112065121771261613635152111606815670146561374513211
121820252           130311334113988148101601316664165521619615645148341368012633
121920251           118831139711121110271124812001133001419014614149871507714923
121920252           146911460314453144841509815475152911505114657142401358612836
122020251           122811196511800117951196012419131551391013972134621314413192
122020252           127811320414167149401588916455161601579315372147911400713159
122120251           124691196711637114521147411722122501283313030126631230912413
122120252           127191306413811148031610116847167561644216079153801441013559
122220251           129271258512435125481301513918153991639416170154771474814371
122220252           141981447315279161591736718128180061765517164163381530414246
122320251           134851299312717126651296313757149681593616319163631640116279
122320252           163721644816442166091723517575172881685216305155311448613518
122420251           127451219511959118941209612698136311451214995152121535515604
122420252           155171539315405157391646216530159641551815136148431424013574
122520251           130111255512295121751226012612130971381914476149891518515085
122520252           141291374113986143871525915729156741560615543152251469514026
122620251           136571341313341133821371314364152671603316207161961603416092
122620252           162791632016616171361811918551182631781017288166021573414917
122720251           143071388413635135561363013944144821515115918165781693116982
122720252           167821648116299164771727517929177951744717048164461565314870
122820251           143031392213767137751386814175147651532115833159731580315666
122820252           155831541515470158361679517383171131661716022151981418913337
122920251           127341228712069120061220812806137031455315197156461609416290
122920252           163101629816109160521653116895165501609615575149351412513384
123020251           128661265812598126901307313905150071586316031158911600816145
123020252           161881631816630171801816118718183761795317409166411567214749
123120251           141081366713413133881366514291152751604316196158501537215113
123120252           150821531415752164831743217843173261673016121154881483414248
